# Secao de choque reduzida NC e+p, sqrt(s) = 318 GeV
#
# H1 and ZEUS Collaborations, "Combined measurement and QCD analysis of the
# inclusive e+-p scattering cross sections at HERA",
# Eur. Phys. J. C 75 (2015) 580   [arXiv:1506.06042]
#
# Dados combinados HERA I+II.  Fonte: https://www.desy.de/h1zeus/herapdf20/
#
# Medida experimental publicada, incluida aqui para que o projeto seja
# autocontido: e o dado a que GBW e bCGC foram ajustados, e portanto o
# teste de validacao do formalismo (make validate-hera).
#
# sigma_red = secao de choque reduzida
# err       = incerteza total (exclui incertezas procedurais)
#
# Q2[GeV^2]  x  y  sigma_red  err
1.500000e-01 5.020000e-06 2.952600e-01 1.848100e-01 1.008092e-02
3.500000e-01 5.120000e-06 6.754900e-01 4.358300e-01 1.114757e-01
2.000000e-01 6.690000e-06 2.954100e-01 2.265100e-01 5.656997e-03
5.000000e-01 7.320000e-06 6.749600e-01 4.284400e-01 3.856735e-02
2.500000e-01 8.360000e-06 2.955000e-01 2.649600e-01 6.665069e-03
2.000000e-01 8.490000e-06 2.327800e-01 2.234900e-01 6.227527e-03
6.500000e-01 9.520000e-06 6.746800e-01 4.643600e-01 2.592787e-02
3.500000e-01 1.000000e-05 3.458500e-01 3.449700e-01 8.802668e-03
2.500000e-01 1.060000e-05 2.330500e-01 2.595000e-01 6.076737e-03
2.000000e-01 1.100000e-05 1.796600e-01 2.077300e-01 8.818284e-03
8.500000e-01 1.240000e-05 6.773600e-01 5.521700e-01 2.333553e-02
3.500000e-01 1.270000e-05 2.723200e-01 3.236800e-01 8.040535e-03
4.000000e-01 1.330000e-05 2.971900e-01 3.548400e-01 1.055951e-02
2.500000e-01 1.380000e-05 1.790100e-01 2.485900e-01 5.851436e-03
5.000000e-01 1.580000e-05 3.127000e-01 4.255300e-01 1.919553e-02
6.500000e-01 1.580000e-05 4.065100e-01 4.624900e-01 2.982422e-02
3.500000e-01 1.650000e-05 2.096100e-01 3.129800e-01 7.274907e-03
4.000000e-01 1.700000e-05 2.325000e-01 3.536100e-01 9.326287e-03
1.200000e+00 1.760000e-05 6.737300e-01 5.923500e-01 2.487852e-02
1.500000e+00 1.853000e-05 7.999000e-01 6.187800e-01 4.442785e-02
8.500000e-01 2.000000e-05 4.199600e-01 6.112200e-01 3.625763e-02
1.200000e+00 2.000000e-05 5.928900e-01 6.672800e-01 2.589086e-02
5.000000e-01 2.120000e-05 2.330500e-01 3.898700e-01 1.164811e-02
1.500000e+00 2.196000e-05 6.749600e-01 6.958900e-01 2.155227e-02
4.000000e-01 2.200000e-05 1.796600e-01 3.343600e-01 8.318810e-03
2.500000e-01 2.300000e-05 1.074100e-01 2.428700e-01 7.618322e-03
2.000000e+00 2.470000e-05 8.001200e-01 7.807900e-01 4.243797e-02
5.000000e-01 2.760000e-05 1.790100e-01 3.769200e-01 1.032192e-02
2.000000e+00 2.928000e-05 6.749600e-01 7.878900e-01 2.102146e-02
2.700000e+00 3.088000e-05 8.639800e-01 8.453100e-01 3.404249e-02
3.500000e-01 3.200000e-05 1.080800e-01 2.959900e-01 8.512140e-03
1.200000e+00 3.200000e-05 3.705500e-01 6.851600e-01 2.376286e-02
1.500000e+00 3.200000e-05 4.631900e-01 7.534600e-01 2.268163e-02
2.700000e+00 3.660000e-05 7.289600e-01 8.664400e-01 2.616683e-02
4.000000e-01 3.680000e-05 1.074100e-01 3.295200e-01 9.632759e-03
2.000000e-01 3.980000e-05 4.965500e-02 2.114700e-01 4.191187e-02
2.500000e-01 3.980000e-05 6.206900e-02 2.358200e-01 1.084819e-02
5.000000e-01 3.980000e-05 1.241400e-01 3.642800e-01 1.129665e-02
6.500000e-01 3.980000e-05 1.613800e-01 4.721400e-01 1.738259e-02
8.500000e-01 3.980000e-05 2.110400e-01 5.583300e-01 1.825270e-02
3.500000e+00 4.060000e-05 8.518500e-01 8.055400e-01 6.052924e-02
2.700000e+00 4.090000e-05 6.523200e-01 9.372800e-01 8.139180e-02
3.500000e+00 4.323000e-05 8.000200e-01 8.807900e-01 4.698425e-02
3.500000e+00 4.600000e-05 7.518500e-01 9.653300e-01 4.255039e-02
8.500000e-01 5.000000e-05 1.679800e-01 5.414100e-01 3.184465e-02
1.500000e+00 5.000000e-05 2.964400e-01 7.595100e-01 1.912256e-02
2.000000e+00 5.000000e-05 3.952600e-01 8.227600e-01 2.187159e-02
2.700000e+00 5.000000e-05 5.336000e-01 8.832500e-01 2.154370e-02
3.500000e+00 5.124000e-05 6.749600e-01 9.401100e-01 3.266826e-02
4.500000e+00 5.220000e-05 8.518500e-01 9.160700e-01 7.064237e-02
3.500000e+00 5.310000e-05 6.513200e-01 8.801500e-01 3.671907e-02
4.500000e+00 5.920000e-05 7.511200e-01 9.714400e-01 4.044085e-02
6.500000e-01 5.980000e-05 1.074100e-01 4.164100e-01 1.588117e-02
4.500000e+00 6.176000e-05 7.199900e-01 9.703500e-01 4.843395e-02
1.200000e+00 6.310000e-05 1.879200e-01 6.488500e-01 1.605229e-02
3.500000e-01 6.620000e-05 5.224300e-02 2.821100e-01 9.803661e-03
4.500000e+00 6.830000e-05 6.510500e-01 1.079600e+00 3.182553e-02
4.500000e+00 7.320000e-05 6.074600e-01 1.018700e+00 2.994876e-02
6.500000e+00 7.540000e-05 8.518500e-01 1.117400e+00 8.496777e-02
1.200000e+00 8.000000e-05 1.482200e-01 5.945200e-01 1.836900e-02
1.500000e+00 8.000000e-05 1.852800e-01 6.989300e-01 1.988938e-02
2.000000e+00 8.000000e-05 2.470400e-01 7.615400e-01 1.467526e-02
2.700000e+00 8.000000e-05 3.335000e-01 8.892900e-01 1.348128e-02
3.500000e+00 8.000000e-05 4.323100e-01 9.522600e-01 2.076470e-02
6.500000e+00 8.029000e-05 7.999700e-01 1.085100e+00 5.047245e-02
4.500000e+00 8.180000e-05 5.436000e-01 1.079500e+00 1.691231e-01
6.500000e+00 8.550000e-05 7.512200e-01 1.097000e+00 4.020022e-02
4.000000e-01 8.830000e-05 4.476300e-02 3.199200e-01 1.112087e-02
6.500000e+00 9.515000e-05 6.750300e-01 1.083800e+00 4.044297e-02
6.500000e+00 9.860000e-05 6.514100e-01 1.177400e+00 3.601396e-02
8.500000e+00 9.860000e-05 8.518500e-01 1.160900e+00 4.521264e-02
5.000000e-01 1.000000e-04 4.940700e-02 3.484600e-01 9.616451e-03
6.500000e-01 1.000000e-04 6.422900e-02 4.088500e-01 1.336375e-02
8.500000e-01 1.000000e-04 8.399200e-02 5.029900e-01 2.984516e-02
8.500000e+00 1.049900e-04 8.000000e-01 1.183200e+00 5.993523e-02
2.500000e-01 1.100000e-04 2.245800e-02 1.991300e-01 9.782182e-03
8.500000e+00 1.118000e-04 7.512700e-01 1.179800e+00 3.936497e-02
8.500000e+00 1.244300e-04 6.750100e-01 1.258500e+00 3.356860e-02
8.500000e+00 1.290000e-04 6.511000e-01 1.231800e+00 3.138848e-02
3.500000e-01 1.300000e-04 2.660400e-02 2.572600e-01 8.447518e-03
1.200000e+00 1.300000e-04 9.121300e-02 5.427400e-01 3.124652e-02
1.500000e+00 1.300000e-04 1.140200e-01 6.458400e-01 2.086567e-02
2.000000e+00 1.300000e-04 1.520200e-01 7.230600e-01 1.455679e-02
2.700000e+00 1.300000e-04 2.052300e-01 8.049700e-01 1.085744e-02
3.500000e+00 1.300000e-04 2.660400e-01 9.178700e-01 1.232094e-02
4.500000e+00 1.300000e-04 3.420500e-01 1.020400e+00 1.750068e-02
6.500000e+00 1.300000e-04 4.940700e-01 1.113400e+00 2.141424e-02
8.500000e+00 1.390000e-04 6.042600e-01 1.256500e+00 7.373707e-02
1.200000e+01 1.392000e-04 8.518500e-01 1.280800e+00 4.531137e-02
1.200000e+00 1.580000e-04 7.504900e-02 5.327400e-01 1.332830e-02
1.200000e+01 1.610000e-04 7.365000e-01 1.340000e+00 2.634199e-02
1.500000e+01 1.741000e-04 8.513600e-01 1.340300e+00 5.444473e-02
4.000000e-01 1.760000e-04 2.245800e-02 2.873600e-01 1.041123e-02
1.200000e+01 1.821000e-04 6.511600e-01 1.295100e+00 3.001977e-02
1.500000e+00 2.000000e-04 7.411100e-02 6.124000e-01 2.389193e-02
2.000000e+00 2.000000e-04 9.881400e-02 6.786700e-01 1.422085e-02
2.700000e+00 2.000000e-04 1.334000e-01 7.813800e-01 1.573574e-02
3.500000e+00 2.000000e-04 1.729200e-01 8.541600e-01 1.152356e-02
4.500000e+00 2.000000e-04 2.223300e-01 9.611900e-01 1.377366e-02
6.500000e+00 2.000000e-04 3.211500e-01 1.111900e+00 1.528473e-02
8.500000e+00 2.000000e-04 4.199600e-01 1.194800e+00 2.103911e-02
1.200000e+01 2.000000e-04 5.928900e-01 1.293500e+00 2.109647e-02
1.500000e+01 2.000000e-04 7.411100e-01 1.386200e+00 4.088195e-02
1.800000e+01 2.090000e-04 8.510300e-01 1.370400e+00 5.658998e-02
3.500000e-01 2.200000e-04 1.572000e-02 2.399600e-01 8.788367e-03
1.500000e+01 2.276000e-04 6.512400e-01 1.330000e+00 4.109700e-02
1.800000e+01 2.370000e-04 7.504900e-01 1.378800e+00 3.263964e-02
2.000000e-01 2.510000e-04 7.873600e-03 1.795700e-01 2.718115e-02
2.500000e-01 2.510000e-04 9.842100e-03 1.959000e-01 1.014184e-02
5.000000e-01 2.510000e-04 1.968400e-02 3.078000e-01 8.799079e-03
6.500000e-01 2.510000e-04 2.558900e-02 3.610000e-01 1.105378e-02
8.500000e-01 2.510000e-04 3.346300e-02 3.969200e-01 2.818120e-02
1.800000e+01 2.680000e-04 6.636800e-01 1.371800e+00 2.212659e-02
2.200000e+01 2.900000e-04 7.496300e-01 1.433800e+00 4.160558e-02
4.000000e-01 2.940000e-04 1.344400e-02 2.766600e-01 9.804083e-03
2.700000e+01 3.140000e-04 8.496800e-01 1.480200e+00 6.911868e-02
1.500000e+00 3.200000e-04 4.631900e-02 5.768600e-01 1.815805e-02
2.000000e+00 3.200000e-04 6.175900e-02 6.265700e-01 1.463198e-02
2.700000e+00 3.200000e-04 8.337400e-02 6.997100e-01 1.262711e-02
3.500000e+00 3.200000e-04 1.080800e-01 7.909100e-01 1.126256e-02
4.500000e+00 3.200000e-04 1.389600e-01 8.933100e-01 1.323403e-02
6.500000e+00 3.200000e-04 2.007200e-01 1.001300e+00 1.274214e-02
8.500000e+00 3.200000e-04 2.624800e-01 1.107000e+00 1.418598e-02
1.000000e+01 3.200000e-04 3.087900e-01 1.138100e+00 2.738758e-02
1.200000e+01 3.200000e-04 3.705500e-01 1.222700e+00 1.507650e-02
1.500000e+01 3.200000e-04 4.631900e-01 1.312700e+00 2.020035e-02
2.200000e+01 3.200000e-04 6.793500e-01 1.430600e+00 4.611410e-02
1.800000e+01 3.280000e-04 5.422700e-01 1.382500e+00 2.174175e-02
2.200000e+01 3.450000e-04 6.301200e-01 1.410200e+00 2.873353e-02
2.700000e+01 3.550000e-04 7.515400e-01 1.440800e+00 4.218922e-02
5.000000e-01 3.680000e-04 1.342600e-02 3.004300e-01 9.098943e-03
2.200000e+01 3.880000e-04 5.602900e-01 1.392500e+00 2.212390e-02
2.500000e-01 3.940000e-04 6.269900e-03 1.941500e-01 1.108672e-02
1.200000e+00 3.980000e-04 2.979300e-02 4.927200e-01 2.073474e-02
2.700000e+01 4.100000e-04 6.507300e-01 1.461800e+00 3.585883e-02
3.500000e+01 4.603000e-04 7.513600e-01 1.427300e+00 3.452710e-02
6.500000e-01 4.780000e-04 1.343700e-02 3.322200e-01 1.112784e-02
3.500000e-01 5.000000e-04 6.917000e-03 2.398000e-01 8.176365e-03
1.500000e+00 5.000000e-04 2.964400e-02 5.472700e-01 4.222544e-02
2.000000e+00 5.000000e-04 3.952600e-02 5.747300e-01 1.565271e-02
2.700000e+00 5.000000e-04 5.336000e-02 6.448400e-01 1.188305e-02
3.500000e+00 5.000000e-04 6.917000e-02 7.492300e-01 1.236582e-02
4.500000e+00 5.000000e-04 8.893300e-02 7.970800e-01 1.183680e-02
6.500000e+00 5.000000e-04 1.284600e-01 9.327600e-01 1.508124e-02
8.500000e+00 5.000000e-04 1.679800e-01 1.013700e+00 1.485506e-02
1.000000e+01 5.000000e-04 1.976300e-01 1.058100e+00 2.440285e-02
1.200000e+01 5.000000e-04 2.371500e-01 1.145300e+00 1.297132e-02
1.500000e+01 5.000000e-04 2.964400e-01 1.206800e+00 1.331511e-02
1.800000e+01 5.000000e-04 3.557300e-01 1.280600e+00 1.489799e-02
2.200000e+01 5.000000e-04 4.347800e-01 1.382300e+00 2.129392e-02
2.700000e+01 5.000000e-04 5.336000e-01 1.410800e+00 1.884025e-02
3.500000e+01 5.000000e-04 6.917000e-01 1.471900e+00 3.724790e-02
3.500000e+01 5.311000e-04 6.512000e-01 1.439800e+00 2.408929e-02
4.500000e+01 5.900000e-04 7.536700e-01 1.467800e+00 5.152066e-02
2.200000e+01 5.920000e-04 3.672100e-01 1.326500e+00 1.969760e-02
3.500000e+01 6.160000e-04 5.614400e-01 1.458000e+00 2.579129e-02
4.000000e-01 6.310000e-04 6.264000e-03 2.601400e-01 9.731837e-03
4.500000e+01 6.341000e-04 7.012500e-01 1.451100e+00 3.021002e-02
3.500000e+01 6.570000e-04 5.264100e-01 1.433200e+00 2.201668e-02
4.500000e+01 7.000000e-04 6.352300e-01 1.485300e+00 3.890327e-02
5.000000e-01 8.000000e-04 6.175900e-03 2.866700e-01 8.341667e-03
6.500000e-01 8.000000e-04 8.028700e-03 3.181400e-01 9.584477e-03
8.500000e-01 8.000000e-04 1.049900e-02 3.493400e-01 1.928214e-02
1.500000e+00 8.000000e-04 1.852800e-02 4.897300e-01 1.803343e-02
2.700000e+00 8.000000e-04 3.335000e-02 5.943800e-01 1.328956e-02
3.500000e+00 8.000000e-04 4.323100e-02 6.590300e-01 1.070344e-02
4.500000e+00 8.000000e-04 5.558300e-02 7.202800e-01 1.269349e-02
6.500000e+00 8.000000e-04 8.028700e-02 8.490300e-01 1.223732e-02
8.500000e+00 8.000000e-04 1.049900e-01 9.308900e-01 1.337754e-02
1.000000e+01 8.000000e-04 1.235200e-01 9.767500e-01 2.353079e-02
1.200000e+01 8.000000e-04 1.482200e-01 1.045400e+00 1.201698e-02
1.500000e+01 8.000000e-04 1.852800e-01 1.104900e+00 1.206230e-02
1.800000e+01 8.000000e-04 2.223300e-01 1.155300e+00 1.211817e-02
2.200000e+01 8.000000e-04 2.717400e-01 1.229000e+00 1.600932e-02
2.700000e+01 8.000000e-04 3.335000e-01 1.288500e+00 1.406295e-02
3.500000e+01 8.000000e-04 4.323100e-01 1.386400e+00 1.500126e-02
4.500000e+01 8.000000e-04 5.558300e-01 1.460100e+00 1.920280e-02
6.000000e+01 8.000000e-04 7.411100e-01 1.470000e+00 3.013515e-02
6.000000e+01 8.600000e-04 6.894000e-01 1.545700e+00 4.576153e-02
4.500000e+01 9.200000e-04 4.833300e-01 1.387700e+00 2.424492e-02
7.000000e+01 9.220000e-04 7.502200e-01 1.385100e+00 8.752599e-02
6.000000e+01 9.400000e-04 6.307300e-01 1.525300e+00 4.488424e-02
1.500000e+00 1.000000e-03 1.482200e-02 4.620800e-01 3.036037e-02
2.000000e+00 1.000000e-03 1.976300e-02 5.098100e-01 1.183595e-02
3.500000e+01 1.000000e-03 3.458500e-01 1.311500e+00 1.736347e-02
7.000000e+01 1.000000e-03 6.917000e-01 1.433500e+00 4.967293e-02
4.500000e+01 1.100000e-03 4.042400e-01 1.370700e+00 2.234447e-02
6.000000e+01 1.100000e-03 5.389900e-01 1.459100e+00 3.016748e-02
7.000000e+01 1.100000e-03 6.288200e-01 1.506200e+00 4.422444e-02
7.000000e+01 1.240000e-03 5.578200e-01 1.444700e+00 3.562052e-02
1.200000e+00 1.300000e-03 9.121300e-03 3.721200e-01 1.733964e-02
2.700000e+00 1.300000e-03 2.052300e-02 5.667200e-01 1.151280e-02
3.500000e+00 1.300000e-03 2.660400e-02 6.233900e-01 1.180938e-02
4.500000e+00 1.300000e-03 3.420500e-02 6.654900e-01 1.222785e-02
6.500000e+00 1.300000e-03 4.940700e-02 7.584200e-01 1.203446e-02
8.500000e+00 1.300000e-03 6.460900e-02 8.393200e-01 1.237359e-02
1.000000e+01 1.300000e-03 7.601100e-02 8.884600e-01 2.349328e-02
1.200000e+01 1.300000e-03 9.121300e-02 9.347100e-01 1.434415e-02
1.500000e+01 1.300000e-03 1.140200e-01 9.788400e-01 1.125167e-02
1.800000e+01 1.300000e-03 1.368200e-01 1.037800e+00 1.116756e-02
2.200000e+01 1.300000e-03 1.672200e-01 1.057400e+00 2.988086e-02
2.700000e+01 1.300000e-03 2.052300e-01 1.153600e+00 1.272329e-02
3.500000e+01 1.300000e-03 2.660400e-01 1.222400e+00 1.191574e-02
4.500000e+01 1.300000e-03 3.420500e-01 1.294000e+00 1.324745e-02
6.000000e+01 1.300000e-03 4.560700e-01 1.390900e+00 1.704270e-02
7.000000e+01 1.300000e-03 5.320800e-01 1.414200e+00 2.887344e-02
9.000000e+01 1.300000e-03 6.841000e-01 1.478500e+00 2.726265e-02
6.000000e+01 1.500000e-03 3.952600e-01 1.316600e+00 2.430207e-02
9.000000e+01 1.500000e-03 5.928900e-01 1.417500e+00 2.858318e-02
2.500000e-01 1.580000e-03 1.563500e-03 1.975200e-01 2.457011e-02
1.200000e+02 1.600000e-03 7.411100e-01 1.409800e+00 2.576311e-02
1.200000e+02 1.720000e-03 6.894000e-01 1.444200e+00 5.902951e-02
1.200000e+02 1.880000e-03 6.307300e-01 1.412700e+00 4.997426e-02
2.700000e+00 2.000000e-03 1.334000e-02 4.812000e-01 1.467857e-02
3.500000e+00 2.000000e-03 1.729200e-02 5.684000e-01 7.484748e-03
4.500000e+00 2.000000e-03 2.223300e-02 6.154000e-01 1.120243e-02
6.500000e+00 2.000000e-03 3.211500e-02 6.949800e-01 9.807210e-03
8.500000e+00 2.000000e-03 4.199600e-02 7.686300e-01 1.434094e-02
1.000000e+01 2.000000e-03 4.940700e-02 8.017500e-01 2.280963e-02
1.200000e+01 2.000000e-03 5.928900e-02 8.513800e-01 1.362455e-02
1.500000e+01 2.000000e-03 7.411100e-02 8.683200e-01 1.028482e-02
1.800000e+01 2.000000e-03 8.893300e-02 9.399400e-01 1.058260e-02
2.200000e+01 2.000000e-03 1.087000e-01 9.903900e-01 1.865489e-02
2.700000e+01 2.000000e-03 1.334000e-01 1.043700e+00 1.177367e-02
3.500000e+01 2.000000e-03 1.729200e-01 1.099000e+00 1.164369e-02
4.500000e+01 2.000000e-03 2.223300e-01 1.152100e+00 1.156328e-02
6.000000e+01 2.000000e-03 2.964400e-01 1.234200e+00 1.207352e-02
7.000000e+01 2.000000e-03 3.458500e-01 1.245600e+00 2.420201e-02
9.000000e+01 2.000000e-03 4.446600e-01 1.327500e+00 1.924636e-02
1.200000e+02 2.000000e-03 5.928900e-01 1.361300e+00 1.879288e-02
1.500000e+02 2.000000e-03 7.411100e-01 1.380700e+00 2.692282e-02
1.200000e+02 2.120000e-03 5.593300e-01 1.385900e+00 4.003879e-02
7.000000e+01 2.500000e-03 2.766800e-01 1.190000e+00 1.864302e-02
3.500000e-01 2.510000e-03 1.377900e-03 2.012500e-01 2.231863e-02
2.000000e+02 2.600000e-03 7.601100e-01 1.312300e+00 2.729728e-02
1.200000e+02 2.700000e-03 4.391700e-01 1.245900e+00 3.481742e-02
5.000000e-01 3.200000e-03 1.544000e-03 1.822200e-01 2.389852e-02
6.500000e-01 3.200000e-03 2.007200e-03 2.236000e-01 1.509718e-02
8.500000e-01 3.200000e-03 2.624800e-03 3.076000e-01 1.676875e-02
1.500000e+00 3.200000e-03 4.631900e-03 4.100300e-01 1.390391e-02
2.000000e+00 3.200000e-03 6.175900e-03 4.258400e-01 1.118358e-02
4.500000e+00 3.200000e-03 1.389600e-02 5.718900e-01 9.723674e-03
6.500000e+00 3.200000e-03 2.007200e-02 6.410700e-01 1.070907e-02
8.500000e+00 3.200000e-03 2.624800e-02 6.609800e-01 1.271065e-02
1.200000e+01 3.200000e-03 3.705500e-02 7.538300e-01 1.482083e-02
1.500000e+01 3.200000e-03 4.631900e-02 7.832800e-01 9.780034e-03
1.800000e+01 3.200000e-03 5.558300e-02 8.294800e-01 9.447197e-03
2.200000e+01 3.200000e-03 6.793500e-02 9.002300e-01 2.647387e-02
2.700000e+01 3.200000e-03 8.337400e-02 9.132300e-01 1.051776e-02
3.500000e+01 3.200000e-03 1.080800e-01 9.633300e-01 1.031091e-02
4.500000e+01 3.200000e-03 1.389600e-01 1.005000e+00 1.036326e-02
6.000000e+01 3.200000e-03 1.852800e-01 1.077100e+00 1.095895e-02
7.000000e+01 3.200000e-03 2.161600e-01 1.084200e+00 1.524765e-02
9.000000e+01 3.200000e-03 2.779100e-01 1.165300e+00 1.370882e-02
1.200000e+02 3.200000e-03 3.705500e-01 1.208300e+00 1.372677e-02
1.500000e+02 3.200000e-03 4.631900e-01 1.234800e+00 1.521903e-02
2.000000e+02 3.200000e-03 6.175900e-01 1.248400e+00 1.852975e-02
2.500000e+02 3.300000e-03 7.485900e-01 1.280000e+00 2.760717e-02
3.000000e+02 3.900000e-03 7.601100e-01 1.218200e+00 2.727391e-02
1.200000e+00 5.000000e-03 2.371500e-03 2.979000e-01 1.618279e-02
2.700000e+00 5.000000e-03 5.336000e-03 4.530700e-01 1.103801e-02
6.500000e+00 5.000000e-03 1.284600e-02 5.788400e-01 9.230298e-03
8.500000e+00 5.000000e-03 1.679800e-02 6.324100e-01 1.095132e-02
1.000000e+01 5.000000e-03 1.976300e-02 6.275100e-01 1.025878e-02
1.200000e+01 5.000000e-03 2.371500e-02 6.792100e-01 1.206943e-02
1.500000e+01 5.000000e-03 2.964400e-02 7.129900e-01 8.223912e-03
1.800000e+01 5.000000e-03 3.557300e-02 7.438000e-01 8.334428e-03
2.200000e+01 5.000000e-03 4.347800e-02 7.690000e-01 2.050077e-02
2.700000e+01 5.000000e-03 5.336000e-02 7.995600e-01 9.210771e-03
3.500000e+01 5.000000e-03 6.917000e-02 8.507000e-01 9.505382e-03
4.500000e+01 5.000000e-03 8.893300e-02 8.964400e-01 1.008522e-02
6.000000e+01 5.000000e-03 1.185800e-01 9.321500e-01 9.872121e-03
7.000000e+01 5.000000e-03 1.383400e-01 9.580500e-01 1.281469e-02
9.000000e+01 5.000000e-03 1.778700e-01 1.023300e+00 1.202725e-02
1.200000e+02 5.000000e-03 2.371500e-01 1.041500e+00 1.393121e-02
1.500000e+02 5.000000e-03 2.964400e-01 1.077800e+00 1.298081e-02
2.000000e+02 5.000000e-03 3.952600e-01 1.109900e+00 1.223687e-02
2.500000e+02 5.000000e-03 4.940700e-01 1.126600e+00 1.463622e-02
3.000000e+02 5.000000e-03 5.928900e-01 1.141800e+00 1.971443e-02
4.000000e+02 5.300000e-03 7.457700e-01 1.181200e+00 2.732387e-02
5.000000e+02 6.600000e-03 7.485900e-01 1.051600e+00 2.536175e-02
3.500000e+00 8.000000e-03 4.323100e-03 4.619500e-01 7.791018e-03
1.500000e+01 8.000000e-03 1.852800e-02 6.321200e-01 7.452189e-03
1.800000e+01 8.000000e-03 2.223300e-02 6.640000e-01 7.551274e-03
2.200000e+01 8.000000e-03 2.717400e-02 6.560700e-01 1.799246e-02
2.700000e+01 8.000000e-03 3.335000e-02 7.073000e-01 8.298609e-03
3.500000e+01 8.000000e-03 4.323100e-02 7.459500e-01 8.499503e-03
4.500000e+01 8.000000e-03 5.558300e-02 7.804000e-01 8.892424e-03
6.000000e+01 8.000000e-03 7.411100e-02 8.185000e-01 9.788687e-03
7.000000e+01 8.000000e-03 8.646200e-02 8.194200e-01 1.517558e-02
9.000000e+01 8.000000e-03 1.111700e-01 8.825300e-01 1.144094e-02
1.200000e+02 8.000000e-03 1.482200e-01 8.927500e-01 1.089673e-02
1.500000e+02 8.000000e-03 1.852800e-01 9.269300e-01 1.377946e-02
2.000000e+02 8.000000e-03 2.470400e-01 9.476200e-01 9.529835e-03
2.500000e+02 8.000000e-03 3.087900e-01 9.519200e-01 9.942709e-03
3.000000e+02 8.000000e-03 3.705500e-01 9.689500e-01 1.094032e-02
4.000000e+02 8.000000e-03 4.940700e-01 1.017900e+00 1.333021e-02
5.000000e+02 8.000000e-03 6.175900e-01 9.984800e-01 2.108281e-02
6.500000e+02 8.500000e-03 7.556400e-01 1.000300e+00 2.659638e-02
8.000000e+02 1.050000e-02 7.528700e-01 9.324600e-01 2.788829e-02
1.500000e+00 1.300000e-02 1.140200e-03 3.240100e-01 2.191011e-02
2.000000e+00 1.300000e-02 1.520200e-03 3.576200e-01 1.830728e-02
4.500000e+00 1.300000e-02 3.420500e-03 4.300900e-01 1.076305e-02
6.500000e+00 1.300000e-02 4.940700e-03 4.826300e-01 1.134682e-02
2.200000e+01 1.300000e-02 1.672200e-02 5.856600e-01 1.696499e-02
2.700000e+01 1.300000e-02 2.052300e-02 6.345700e-01 7.532346e-03
3.500000e+01 1.300000e-02 2.660400e-02 6.609000e-01 7.915269e-03
4.500000e+01 1.300000e-02 3.420500e-02 6.791600e-01 8.165744e-03
6.000000e+01 1.300000e-02 4.560700e-02 7.054800e-01 8.999526e-03
7.000000e+01 1.300000e-02 5.320800e-02 7.161500e-01 1.529632e-02
9.000000e+01 1.300000e-02 6.841000e-02 7.535000e-01 1.046845e-02
1.200000e+02 1.300000e-02 9.121300e-02 7.738300e-01 1.184091e-02
1.500000e+02 1.300000e-02 1.140200e-01 7.974000e-01 1.541502e-02
2.000000e+02 1.300000e-02 1.520200e-01 8.085000e-01 7.785895e-03
2.500000e+02 1.300000e-02 1.900300e-01 8.267900e-01 8.507834e-03
3.000000e+02 1.300000e-02 2.280300e-01 8.129100e-01 8.658304e-03
4.000000e+02 1.300000e-02 3.040400e-01 8.435400e-01 1.037959e-02
5.000000e+02 1.300000e-02 3.800500e-01 8.752100e-01 1.440587e-02
6.500000e+02 1.300000e-02 4.940700e-01 8.619600e-01 1.237878e-02
8.000000e+02 1.300000e-02 6.080900e-01 8.437100e-01 1.503036e-02
1.000000e+03 1.300000e-02 7.601100e-01 8.226200e-01 2.427346e-02
1.200000e+03 1.400000e-02 8.469800e-01 8.318100e-01 2.254629e-02
2.700000e+00 2.000000e-02 1.334000e-03 3.449000e-01 2.831281e-02
6.500000e+00 2.000000e-02 3.211500e-03 4.976900e-01 1.357982e-02
8.500000e+00 2.000000e-02 4.199600e-03 4.562400e-01 1.187976e-02
1.000000e+01 2.000000e-02 4.940700e-03 5.130600e-01 1.083803e-02
1.200000e+01 2.000000e-02 5.928900e-03 4.904600e-01 1.203829e-02
1.500000e+01 2.000000e-02 7.411100e-03 5.293500e-01 8.633116e-03
1.800000e+01 2.000000e-02 8.893300e-03 5.357400e-01 1.171524e-02
2.700000e+01 2.000000e-02 1.334000e-02 5.764300e-01 8.524823e-03
3.500000e+01 2.000000e-02 1.729200e-02 5.905700e-01 7.411240e-03
4.500000e+01 2.000000e-02 2.223300e-02 6.005800e-01 7.416082e-03
6.000000e+01 2.000000e-02 2.964400e-02 6.310100e-01 8.385681e-03
7.000000e+01 2.000000e-02 3.458500e-02 6.367700e-01 1.309537e-02
9.000000e+01 2.000000e-02 4.446600e-02 6.491300e-01 9.032774e-03
1.200000e+02 2.000000e-02 5.928900e-02 6.660800e-01 1.024851e-02
1.500000e+02 2.000000e-02 7.411100e-02 6.871400e-01 1.404122e-02
2.000000e+02 2.000000e-02 9.881400e-02 7.010500e-01 7.059433e-03
2.500000e+02 2.000000e-02 1.235200e-01 7.074200e-01 7.825339e-03
3.000000e+02 2.000000e-02 1.482200e-01 7.031000e-01 7.934835e-03
4.000000e+02 2.000000e-02 1.976300e-01 7.142700e-01 9.005016e-03
5.000000e+02 2.000000e-02 2.470400e-01 7.413600e-01 1.231977e-02
6.500000e+02 2.000000e-02 3.211500e-01 7.456900e-01 1.048127e-02
8.000000e+02 2.000000e-02 3.952600e-01 7.330200e-01 1.198524e-02
1.000000e+03 2.000000e-02 4.940700e-01 7.361400e-01 1.666547e-02
1.200000e+03 2.000000e-02 5.928900e-01 7.551000e-01 1.440127e-02
1.500000e+03 2.000000e-02 7.411100e-01 7.090200e-01 1.836589e-02
2.000000e+03 2.190000e-02 9.024100e-01 7.096500e-01 4.427783e-02
2.200000e+01 3.200000e-02 6.793500e-03 5.194300e-01 1.456451e-02
2.700000e+01 3.200000e-02 8.337400e-03 5.269300e-01 1.234492e-02
3.500000e+01 3.200000e-02 1.080800e-02 5.167800e-01 9.071401e-03
4.500000e+01 3.200000e-02 1.389600e-02 5.328600e-01 8.711302e-03
6.000000e+01 3.200000e-02 1.852800e-02 5.517500e-01 7.812063e-03
7.000000e+01 3.200000e-02 2.161600e-02 5.610700e-01 1.373079e-02
9.000000e+01 3.200000e-02 2.779100e-02 5.568800e-01 8.323630e-03
1.200000e+02 3.200000e-02 3.705500e-02 5.739400e-01 9.659984e-03
1.500000e+02 3.200000e-02 4.631900e-02 5.833600e-01 1.330667e-02
2.000000e+02 3.200000e-02 6.175900e-02 5.824200e-01 6.267713e-03
2.500000e+02 3.200000e-02 7.719900e-02 5.922000e-01 6.898182e-03
3.000000e+02 3.200000e-02 9.263800e-02 5.976900e-01 7.534181e-03
4.000000e+02 3.200000e-02 1.235200e-01 6.018900e-01 7.491665e-03
5.000000e+02 3.200000e-02 1.544000e-01 6.190600e-01 1.037161e-02
6.500000e+02 3.200000e-02 2.007200e-01 6.272200e-01 9.047021e-03
8.000000e+02 3.200000e-02 2.470400e-01 6.266900e-01 9.774609e-03
1.000000e+03 3.200000e-02 3.087900e-01 6.249000e-01 1.385716e-02
1.200000e+03 3.200000e-02 3.705500e-01 6.318500e-01 1.103949e-02
1.500000e+03 3.200000e-02 4.631900e-01 6.026700e-01 1.334655e-02
2.000000e+03 3.200000e-02 6.175900e-01 5.891100e-01 1.613802e-02
3.000000e+03 3.200000e-02 9.263800e-01 6.029900e-01 2.544913e-02
4.500000e+01 5.000000e-02 8.893300e-03 4.849500e-01 1.223771e-02
6.000000e+01 5.000000e-02 1.185800e-02 5.091700e-01 1.082567e-02
7.000000e+01 5.000000e-02 1.383400e-02 5.116800e-01 1.124632e-02
9.000000e+01 5.000000e-02 1.778700e-02 4.882700e-01 8.646432e-03
1.200000e+02 5.000000e-02 2.371500e-02 4.859100e-01 8.343415e-03
1.500000e+02 5.000000e-02 2.964400e-02 5.091100e-01 1.168082e-02
2.000000e+02 5.000000e-02 3.952600e-02 5.198200e-01 5.660840e-03
2.500000e+02 5.000000e-02 4.940700e-02 5.187300e-01 5.948796e-03
3.000000e+02 5.000000e-02 5.928900e-02 5.066300e-01 6.171159e-03
4.000000e+02 5.000000e-02 7.905100e-02 5.119800e-01 6.360020e-03
5.000000e+02 5.000000e-02 9.881400e-02 5.334900e-01 9.514954e-03
6.500000e+02 5.000000e-02 1.284600e-01 5.204400e-01 7.472790e-03
8.000000e+02 5.000000e-02 1.581000e-01 5.248600e-01 8.036026e-03
1.000000e+03 5.000000e-02 1.976300e-01 5.319700e-01 1.278819e-02
1.200000e+03 5.000000e-02 2.371500e-01 5.186300e-01 8.213958e-03
1.500000e+03 5.000000e-02 2.964400e-01 5.439200e-01 1.000350e-02
2.000000e+03 5.000000e-02 3.952600e-01 5.157000e-01 1.236391e-02
3.000000e+03 5.000000e-02 5.928900e-01 5.178000e-01 1.294976e-02
5.000000e+03 5.470000e-02 9.032400e-01 4.767700e-01 2.644963e-02
3.500000e+01 8.000000e-02 4.323100e-03 4.482400e-01 2.082684e-02
9.000000e+01 8.000000e-02 1.111700e-02 4.361000e-01 8.098682e-03
1.200000e+02 8.000000e-02 1.482200e-02 4.408100e-01 8.535184e-03
1.500000e+02 8.000000e-02 1.852800e-02 4.436000e-01 9.949948e-03
2.000000e+02 8.000000e-02 2.470400e-02 4.382700e-01 4.648818e-03
2.500000e+02 8.000000e-02 3.087900e-02 4.401900e-01 4.748682e-03
3.000000e+02 8.000000e-02 3.705500e-02 4.326400e-01 5.139590e-03
4.000000e+02 8.000000e-02 4.940700e-02 4.358700e-01 5.482591e-03
5.000000e+02 8.000000e-02 6.175900e-02 4.427600e-01 7.974063e-03
6.500000e+02 8.000000e-02 8.028700e-02 4.378400e-01 6.482747e-03
8.000000e+02 8.000000e-02 9.881400e-02 4.579300e-01 7.330177e-03
1.000000e+03 8.000000e-02 1.235200e-01 4.469300e-01 1.074058e-02
1.200000e+03 8.000000e-02 1.482200e-01 4.408900e-01 7.132630e-03
1.500000e+03 8.000000e-02 1.852800e-01 4.526400e-01 8.564854e-03
2.000000e+03 8.000000e-02 2.470400e-01 4.485100e-01 9.622199e-03
3.000000e+03 8.000000e-02 3.705500e-01 4.328600e-01 1.076687e-02
5.000000e+03 8.000000e-02 6.175900e-01 4.147800e-01 1.097578e-02
8.000000e+03 8.750000e-02 9.034400e-01 3.561300e-01 3.282436e-02
6.000000e+01 1.300000e-01 4.560700e-03 3.946800e-01 2.092593e-02
2.000000e+02 1.300000e-01 1.520200e-02 3.617300e-01 8.820931e-03
2.500000e+02 1.300000e-01 1.900300e-02 3.673800e-01 7.099178e-03
3.000000e+02 1.300000e-01 2.280300e-02 3.713200e-01 7.742839e-03
4.000000e+02 1.300000e-01 3.040400e-02 3.670300e-01 4.871369e-03
5.000000e+02 1.300000e-01 3.800500e-02 3.767200e-01 7.888441e-03
6.500000e+02 1.300000e-01 4.940700e-02 3.615100e-01 5.833470e-03
8.000000e+02 1.300000e-01 6.080900e-02 3.582500e-01 6.316306e-03
1.000000e+03 1.300000e-01 7.601100e-02 3.618800e-01 1.062943e-02
1.200000e+03 1.300000e-01 9.121300e-02 3.607700e-01 6.283856e-03
1.500000e+03 1.300000e-01 1.140200e-01 3.546300e-01 8.001056e-03
2.000000e+03 1.300000e-01 1.520200e-01 3.623000e-01 9.300350e-03
3.000000e+03 1.300000e-01 2.280300e-01 3.522600e-01 9.597923e-03
5.000000e+03 1.300000e-01 3.800500e-01 3.426800e-01 1.085881e-02
8.000000e+03 1.300000e-01 6.080900e-01 3.092800e-01 1.266996e-02
1.200000e+04 1.300000e-01 9.121300e-01 2.117800e-01 4.348563e-02
9.000000e+01 1.800000e-01 4.940700e-03 3.426800e-01 1.606563e-02
1.200000e+02 1.800000e-01 6.587600e-03 3.323400e-01 1.284949e-02
1.500000e+02 1.800000e-01 8.234500e-03 3.243700e-01 1.193889e-02
2.000000e+02 1.800000e-01 1.097900e-02 3.425300e-01 4.495741e-03
2.500000e+02 1.800000e-01 1.372400e-02 3.317300e-01 4.627169e-03
3.000000e+02 1.800000e-01 1.646900e-02 3.272000e-01 4.343416e-03
4.000000e+02 1.800000e-01 2.195900e-02 3.195900e-01 1.035877e-02
5.000000e+02 1.800000e-01 2.744800e-02 3.127500e-01 7.608551e-03
6.500000e+02 1.800000e-01 3.568300e-02 3.343100e-01 8.542891e-03
8.000000e+02 1.800000e-01 4.391700e-02 3.313000e-01 9.186916e-03
1.000000e+03 1.800000e-01 5.489700e-02 3.133000e-01 9.426696e-03
1.200000e+03 1.800000e-01 6.587600e-02 3.277200e-01 1.106091e-02
1.500000e+03 1.800000e-01 8.234500e-02 3.130900e-01 7.146248e-03
2.000000e+03 1.800000e-01 1.097900e-01 2.995300e-01 8.071375e-03
3.000000e+03 1.800000e-01 1.646900e-01 2.982300e-01 9.028824e-03
5.000000e+03 1.800000e-01 2.744800e-01 2.828100e-01 9.006169e-03
8.000000e+03 1.800000e-01 4.391700e-01 2.674500e-01 1.199305e-02
1.200000e+04 1.800000e-01 6.587600e-01 2.294300e-01 1.440446e-02
2.000000e+02 2.500000e-01 7.905100e-03 2.776000e-01 1.630328e-02
2.500000e+02 2.500000e-01 9.881400e-03 2.674500e-01 1.221573e-02
3.000000e+02 2.500000e-01 1.185800e-02 2.683400e-01 1.404282e-02
4.000000e+02 2.500000e-01 1.581000e-02 2.613400e-01 4.526174e-03
5.000000e+02 2.500000e-01 1.976300e-02 2.613300e-01 8.606694e-03
6.500000e+02 2.500000e-01 2.569200e-02 2.479700e-01 4.749965e-03
8.000000e+02 2.500000e-01 3.162100e-02 2.517900e-01 5.205456e-03
1.000000e+03 2.500000e-01 3.952600e-02 2.553200e-01 8.881408e-03
1.200000e+03 2.500000e-01 4.743100e-02 2.517000e-01 4.893426e-03
1.500000e+03 2.500000e-01 5.928900e-02 2.483900e-01 6.652754e-03
2.000000e+03 2.500000e-01 7.905100e-02 2.442200e-01 7.382575e-03
3.000000e+03 2.500000e-01 1.185800e-01 2.308600e-01 7.421179e-03
5.000000e+03 2.500000e-01 1.976300e-01 2.252500e-01 8.325645e-03
8.000000e+03 2.500000e-01 3.162100e-01 2.165500e-01 1.144577e-02
1.200000e+04 2.500000e-01 4.743100e-01 1.554900e-01 1.218863e-02
2.000000e+04 2.500000e-01 7.905100e-01 1.260500e-01 1.500096e-02
2.000000e+02 4.000000e-01 4.940700e-03 1.395200e-01 1.020794e-02
2.500000e+02 4.000000e-01 6.175900e-03 1.420000e-01 8.426152e-03
3.000000e+02 4.000000e-01 7.411100e-03 1.590000e-01 6.159819e-03
4.000000e+02 4.000000e-01 9.881400e-03 1.601700e-01 5.754908e-03
5.000000e+02 4.000000e-01 1.235200e-02 1.719800e-01 1.437760e-02
6.500000e+02 4.000000e-01 1.605700e-02 1.454100e-01 6.428111e-03
8.000000e+02 4.000000e-01 1.976300e-02 1.319400e-01 6.378402e-03
1.000000e+03 4.000000e-01 2.470400e-02 1.343900e-01 7.721781e-03
1.200000e+03 4.000000e-01 2.964400e-02 1.311500e-01 3.895509e-03
1.500000e+03 4.000000e-01 3.705500e-02 1.260600e-01 4.775090e-03
2.000000e+03 4.000000e-01 4.940700e-02 1.285000e-01 5.402474e-03
3.000000e+03 4.000000e-01 7.411100e-02 1.243800e-01 5.369995e-03
5.000000e+03 4.000000e-01 1.235200e-01 1.208900e-01 5.653252e-03
8.000000e+03 4.000000e-01 1.976300e-01 1.034500e-01 6.749078e-03
1.200000e+04 4.000000e-01 2.964400e-01 9.495500e-02 8.628855e-03
2.000000e+04 4.000000e-01 4.940700e-01 7.799100e-02 1.276510e-02
3.000000e+04 4.000000e-01 7.411100e-01 5.963800e-02 1.488815e-02
6.500000e+02 6.500000e-01 9.881400e-03 2.276200e-02 3.713962e-03
8.000000e+02 6.500000e-01 1.216200e-02 2.069400e-02 2.991297e-03
1.000000e+03 6.500000e-01 1.520200e-02 1.989200e-02 3.216158e-03
1.200000e+03 6.500000e-01 1.824300e-02 2.232300e-02 3.551946e-03
1.500000e+03 6.500000e-01 2.280300e-02 1.575900e-02 1.689270e-03
2.000000e+03 6.500000e-01 3.040400e-02 1.737700e-02 2.099263e-03
3.000000e+03 6.500000e-01 4.560700e-02 1.553600e-02 1.382454e-03
5.000000e+03 6.500000e-01 7.601100e-02 1.070900e-02 1.532137e-03
8.000000e+03 6.500000e-01 1.216200e-01 1.622200e-02 1.876788e-03
1.200000e+04 6.500000e-01 1.824300e-01 1.692400e-02 3.199956e-03
2.000000e+04 6.500000e-01 3.040400e-01 1.194700e-02 4.219561e-03
3.000000e+04 6.500000e-01 4.560700e-01 8.504100e-03 5.931584e-03
