# FLASH-like analytic profile
# columns:
# r_cm dens_gcm3 temp_MeV ye pres_dummy entr_dummy
0 3e+14 30.1 0.05 9.03e+15 0.000449634
200200 2.99999e+14 27.2424 0.0504505 8.1727e+15 0.000406948
400400 2.99802e+14 24.657 0.0509009 7.39222e+15 0.000368408
600601 2.95005e+14 22.3179 0.0513514 6.58389e+15 0.000335256
800801 2.56603e+14 20.2016 0.0518018 5.18378e+15 0.000317905
1.001e+06 1.494e+14 18.2868 0.0522523 2.73204e+15 0.000344631
1.2012e+06 5.62391e+13 16.5545 0.0527027 9.31007e+14 0.000432085
1.4014e+06 1.88959e+13 14.9871 0.0531532 2.83195e+14 0.000562682
1.6016e+06 6.7728e+12 13.5691 0.0536036 9.19007e+13 0.000717179
1.8018e+06 2.67654e+12 12.2861 0.0540541 3.28842e+13 0.000884891
2.002e+06 1.15805e+12 11.1253 0.0545045 1.28836e+13 0.00105943
2.2022e+06 5.41351e+11 10.0751 0.054955 5.45419e+12 0.00123621
2.4024e+06 2.70125e+11 9.12498 0.0554054 2.46488e+12 0.0014116
2.6026e+06 1.42447e+11 8.26532 0.0558559 1.17737e+12 0.00158262
2.8028e+06 7.8753e+10 7.48755 0.0563063 5.89667e+11 0.00174683
3.003e+06 4.53534e+10 6.78386 0.0567568 3.07671e+11 0.00190228
3.2032e+06 2.70649e+10 6.1472 0.0572072 1.66373e+11 0.00204743
3.4034e+06 1.66644e+10 5.57119 0.0576577 9.28405e+10 0.00218115
3.6036e+06 1.0549e+10 5.05004 0.0581081 5.32727e+10 0.00230263
3.8038e+06 6.84489e+09 4.57853 0.0585586 3.13396e+10 0.00241141
4.004e+06 4.54107e+09 4.15194 0.059009 1.88543e+10 0.00250725
4.2042e+06 3.07359e+09 3.76598 0.0594595 1.15751e+10 0.00259017
4.4044e+06 2.11846e+09 3.41678 0.0599099 7.23832e+09 0.00266038
4.6046e+06 1.4845e+09 3.10085 0.0603604 4.60321e+09 0.00271824
4.8048e+06 1.05612e+09 2.81501 0.0608108 2.97299e+09 0.00276424
5.00501e+06 7.61876e+08 2.5564 0.0612613 1.94765e+09 0.00279898
5.20521e+06 5.56695e+08 2.32242 0.0617117 1.29288e+09 0.00282315
5.40541e+06 4.11618e+08 2.11072 0.0621622 8.68812e+08 0.00283748
5.60561e+06 3.07709e+08 1.9192 0.0626126 5.90554e+08 0.00284275
5.80581e+06 2.32392e+08 1.74591 0.0630631 4.05736e+08 0.00283976
6.00601e+06 1.77188e+08 1.58913 0.0635135 2.81576e+08 0.00282932
6.20621e+06 1.36305e+08 1.44729 0.063964 1.97273e+08 0.00281223
6.40641e+06 1.05732e+08 1.31896 0.0644144 1.39455e+08 0.0027893
6.60661e+06 8.26596e+07 1.20285 0.0648649 9.94268e+07 0.00276129
6.80681e+06 6.50989e+07 1.0978 0.0653153 7.14654e+07 0.00272896
7.00701e+06 5.16251e+07 1.00275 0.0657658 5.17672e+07 0.00269303
7.20721e+06 4.12083e+07 0.916763 0.0662162 3.77783e+07 0.00265417
7.40741e+06 3.30972e+07 0.838964 0.0666667 2.77674e+07 0.00261304
7.60761e+06 2.67385e+07 0.768575 0.0671171 2.05505e+07 0.00257024
7.80781e+06 2.17214e+07 0.704891 0.0675676 1.53112e+07 0.00252635
8.00801e+06 1.77388e+07 0.647273 0.068018 1.14819e+07 0.00248187
8.20821e+06 1.45591e+07 0.595144 0.0684685 8.66476e+06 0.00243731
8.40841e+06 1.20063e+07 0.54798 0.0689189 6.57924e+06 0.0023931
8.60861e+06 9.94621e+06 0.505308 0.0693694 5.0259e+06 0.00234965
8.80881e+06 8.2753e+06 0.466702 0.0698198 3.8621e+06 0.00230734
9.00901e+06 6.91361e+06 0.431772 0.0702703 2.9851e+06 0.00226648
9.20921e+06 5.79886e+06 0.40017 0.0707207 2.32053e+06 0.00222739
9.40941e+06 4.88228e+06 0.371578 0.0711712 1.81414e+06 0.00219033
9.60961e+06 4.12549e+06 0.345709 0.0716216 1.42622e+06 0.00215552
9.80981e+06 3.49813e+06 0.322304 0.0720721 1.12746e+06 0.00212318
1.001e+07 2.97608e+06 0.301129 0.0725225 896186 0.00209349
1.02102e+07 2.54006e+06 0.281971 0.072973 716223 0.0020666
1.04104e+07 2.1746e+06 0.264638 0.0734234 575480 0.00204264
1.06106e+07 1.86723e+06 0.248955 0.0738739 464858 0.00202173
1.08108e+07 1.60789e+06 0.234767 0.0743243 377478 0.00200394
1.1011e+07 1.38837e+06 0.22193 0.0747748 308120 0.00198937
1.12112e+07 1.20199e+06 0.210316 0.0752252 252798 0.00197805
1.14114e+07 1.04329e+06 0.199808 0.0756757 208458 0.00197005
1.16116e+07 907781 0.190301 0.0761261 172752 0.00196538
1.18118e+07 791752 0.181699 0.0765766 143861 0.00196407
1.2012e+07 692142 0.173917 0.077027 120375 0.00196612
1.22122e+07 606410 0.166876 0.0774775 101196 0.00197154
1.24124e+07 532441 0.160506 0.0779279 85460.1 0.00198032
1.26126e+07 468469 0.154743 0.0783784 72492.2 0.00199243
1.28128e+07 413015 0.149528 0.0788288 61757.4 0.00200787
1.3013e+07 364837 0.144811 0.0792793 52832.2 0.0020266
1.32132e+07 322889 0.140542 0.0797297 45379.6 0.00204859
1.34134e+07 286290 0.136681 0.0801802 39130.3 0.00207382
1.36136e+07 254293 0.133187 0.0806306 33868.4 0.00210224
1.38138e+07 226262 0.130025 0.0810811 29419.9 0.00213382
1.4014e+07 201661 0.127165 0.0815315 25644.2 0.00216851
1.42142e+07 180027 0.124578 0.081982 22427.4 0.00220628
1.44144e+07 160970 0.122237 0.0824324 19676.5 0.00224709
1.46146e+07 144153 0.120119 0.0828829 17315.4 0.00229088
1.48148e+07 129286 0.118202 0.0833333 15281.9 0.00233763
1.5015e+07 116122 0.116468 0.0837838 13524.6 0.00238728
1.52152e+07 104447 0.1149 0.0842342 12000.9 0.0024398
1.54154e+07 94076.1 0.113481 0.0846847 10675.8 0.00249514
1.56156e+07 84849.3 0.112196 0.0851351 9519.79 0.00255327
1.58158e+07 76628.2 0.111035 0.0855856 8508.39 0.00261414
1.6016e+07 69292.4 0.109984 0.086036 7621.02 0.00267773
1.62162e+07 62737.2 0.109033 0.0864865 6840.4 0.00274398
1.64164e+07 56871.5 0.108172 0.0869369 6151.91 0.00281288
1.66166e+07 51615.5 0.107394 0.0873874 5543.19 0.00288438
1.68168e+07 46899.8 0.10669 0.0878378 5003.72 0.00295845
1.7017e+07 42663.2 0.106052 0.0882883 4524.54 0.00303507
1.72172e+07 38852.4 0.105476 0.0887387 4097.99 0.0031142
1.74174e+07 35420.2 0.104954 0.0891892 3717.5 0.00319582
1.76176e+07 32325.4 0.104482 0.0896396 3377.43 0.00327991
1.78178e+07 29531.5 0.104055 0.0900901 3072.91 0.00336643
1.8018e+07 27006.3 0.103669 0.0905405 2799.72 0.00345537
1.82182e+07 24721.5 0.10332 0.090991 2554.21 0.0035467
1.84184e+07 22651.8 0.103003 0.0914414 2333.21 0.00364041
1.86186e+07 20775 0.102717 0.0918919 2133.95 0.00373648
1.88188e+07 19071.4 0.102458 0.0923423 1954.03 0.0038349
1.9019e+07 17523.3 0.102224 0.0927928 1791.31 0.00393564
1.92192e+07 16115.2 0.102012 0.0932432 1643.95 0.0040387
1.94194e+07 14833.1 0.101821 0.0936937 1510.32 0.00414406
1.96196e+07 13664.6 0.101647 0.0941441 1388.97 0.00425171
1.98198e+07 12598.6 0.10149 0.0945946 1278.64 0.00436165
2.002e+07 11625.3 0.101348 0.095045 1178.21 0.00447386
2.02202e+07 10735.8 0.10122 0.0954955 1086.68 0.00458833
2.04204e+07 9922.11 0.101104 0.0959459 1003.16 0.00470507
2.06206e+07 9177.14 0.100999 0.0963964 926.879 0.00482406
2.08208e+07 8494.51 0.100904 0.0968468 857.126 0.00494531
2.1021e+07 7868.48 0.100817 0.0972973 793.28 0.0050688
2.12212e+07 7293.87 0.10074 0.0977477 734.782 0.00519454
2.14214e+07 6766.05 0.100669 0.0981982 681.132 0.00532253
2.16216e+07 6280.8 0.100605 0.0986486 631.883 0.00545276
2.18218e+07 5834.36 0.100548 0.0990991 586.632 0.00558523
2.2022e+07 5423.3 0.100496 0.0995495 545.018 0.00571995
2.22222e+07 5044.54 0.100448 0.1 506.716 0.00585692
2.24224e+07 4695.27 0.100406 0.10045 471.432 0.00599613
2.26226e+07 4372.98 0.100367 0.100901 438.903 0.0061376
2.28228e+07 4075.36 0.100332 0.101351 408.89 0.00628132
2.3023e+07 3800.34 0.1003 0.101802 381.176 0.0064273
2.32232e+07 3546.02 0.100272 0.102252 355.566 0.00657554
2.34234e+07 3310.69 0.100246 0.102703 331.883 0.00672606
2.36236e+07 3092.78 0.100222 0.103153 309.966 0.00687884
2.38238e+07 2890.88 0.100201 0.103604 289.67 0.00703391
2.4024e+07 2703.68 0.100182 0.104054 270.86 0.00719126
2.42242e+07 2530.01 0.100165 0.104505 253.418 0.00735091
2.44244e+07 2368.79 0.100149 0.104955 237.232 0.00751285
2.46246e+07 2219.04 0.100135 0.105405 222.203 0.0076771
2.48248e+07 2079.85 0.100122 0.105856 208.239 0.00784367
2.5025e+07 1950.41 0.10011 0.106306 195.256 0.00801255
2.52252e+07 1829.96 0.1001 0.106757 183.178 0.00818377
2.54254e+07 1717.81 0.10009 0.107207 171.936 0.00835732
2.56256e+07 1613.34 0.100082 0.107658 161.466 0.00853322
2.58258e+07 1515.96 0.100074 0.108108 151.708 0.00871148
2.6026e+07 1425.14 0.100067 0.108559 142.61 0.0088921
2.62262e+07 1340.4 0.100061 0.109009 134.121 0.0090751
2.64264e+07 1261.29 0.100055 0.109459 126.198 0.00926048
2.66266e+07 1187.39 0.10005 0.10991 118.797 0.00944825
2.68268e+07 1118.32 0.100045 0.11036 111.882 0.00963842
2.7027e+07 1053.74 0.100041 0.110811 105.417 0.009831
2.72272e+07 993.331 0.100037 0.111261 99.3696 0.010026
2.74274e+07 936.787 0.100033 0.111712 93.7098 0.0102234
2.76276e+07 883.838 0.10003 0.112162 88.4103 0.0104233
2.78278e+07 834.232 0.100027 0.112613 83.4459 0.0106257
2.8028e+07 787.736 0.100025 0.113063 78.793 0.0108305
2.82282e+07 744.136 0.100022 0.113514 74.4302 0.0110377
2.84284e+07 703.232 0.10002 0.113964 70.3373 0.0112475
2.86286e+07 664.84 0.100018 0.114414 66.4961 0.0114597
2.88288e+07 628.789 0.100016 0.114865 62.8893 0.0116745
2.9029e+07 594.924 0.100015 0.115315 59.5012 0.0118917
2.92292e+07 563.096 0.100013 0.115766 56.3172 0.0121115
2.94294e+07 533.171 0.100012 0.116216 53.3236 0.0123338
2.96296e+07 505.023 0.100011 0.116667 50.5079 0.0125587
2.98298e+07 478.536 0.10001 0.117117 47.8584 0.0127861
3.003e+07 453.602 0.100009 0.117568 45.3643 0.0130161
3.02302e+07 430.12 0.100008 0.118018 43.0155 0.0132487
3.04304e+07 407.997 0.100007 0.118468 40.8027 0.0134838
3.06306e+07 387.145 0.100007 0.118919 38.7171 0.0137216
3.08308e+07 367.485 0.100006 0.119369 36.7507 0.013962
3.1031e+07 348.941 0.100005 0.11982 34.896 0.014205
3.12312e+07 331.443 0.100005 0.12027 33.1459 0.0144506
3.14314e+07 314.926 0.100004 0.120721 31.494 0.0146989
3.16316e+07 299.329 0.100004 0.121171 29.9341 0.0149498
3.18318e+07 284.596 0.100004 0.121622 28.4606 0.0152034
3.2032e+07 270.673 0.100003 0.122072 27.0682 0.0154596
3.22322e+07 257.512 0.100003 0.122523 25.752 0.0157186
3.24324e+07 245.067 0.100003 0.122973 24.5074 0.0159802
3.26326e+07 233.294 0.100002 0.123423 23.33 0.0162446
3.28328e+07 222.154 0.100002 0.123874 22.2159 0.0165117
3.3033e+07 211.609 0.100002 0.124324 21.1613 0.0167815
3.32332e+07 201.623 0.100002 0.124775 20.1627 0.0170541
3.34334e+07 192.165 0.100002 0.125225 19.2168 0.0173294
3.36336e+07 183.202 0.100001 0.125676 18.3205 0.0176074
3.38338e+07 174.708 0.100001 0.126126 17.471 0.0178883
3.4034e+07 166.653 0.100001 0.126577 16.6655 0.0181719
3.42342e+07 159.014 0.100001 0.127027 15.9016 0.0184583
3.44344e+07 151.767 0.100001 0.127477 15.1769 0.0187476
3.46346e+07 144.889 0.100001 0.127928 14.4891 0.0190396
3.48348e+07 138.36 0.100001 0.128378 13.8361 0.0193345
3.5035e+07 132.16 0.100001 0.128829 13.2161 0.0196322
3.52352e+07 126.271 0.100001 0.129279 12.6272 0.0199328
3.54354e+07 120.675 0.100001 0.12973 12.0676 0.0202362
3.56356e+07 115.357 0.100001 0.13018 11.5358 0.0205425
3.58358e+07 110.301 0.1 0.130631 11.0302 0.0208517
3.6036e+07 105.493 0.1 0.131081 10.5494 0.0211638
3.62362e+07 100.92 0.1 0.131532 10.092 0.0214788
3.64364e+07 96.5682 0.1 0.131982 9.65685 0.0217967
3.66366e+07 92.4265 0.1 0.132432 9.24268 0.0221175
3.68368e+07 88.4836 0.1 0.132883 8.84838 0.0224413
3.7037e+07 84.7289 0.1 0.133333 8.47291 0.022768
3.72372e+07 81.1525 0.1 0.133784 8.11527 0.0230976
3.74374e+07 77.745 0.1 0.134234 7.77452 0.0234302
3.76376e+07 74.4976 0.1 0.134685 7.44978 0.0237659
3.78378e+07 71.4021 0.1 0.135135 7.14022 0.0241044
3.8038e+07 68.4505 0.1 0.135586 6.84506 0.024446
3.82382e+07 65.6354 0.1 0.136036 6.56355 0.0247906
3.84384e+07 62.9499 0.1 0.136486 6.295 0.0251383
3.86386e+07 60.3875 0.1 0.136937 6.03875 0.0254889
3.88388e+07 57.9417 0.1 0.137387 5.79418 0.0258426
3.9039e+07 55.6069 0.1 0.137838 5.56069 0.0261994
3.92392e+07 53.3773 0.1 0.138288 5.33774 0.0265592
3.94394e+07 51.2478 0.1 0.138739 5.12479 0.0269221
3.96396e+07 49.2134 0.1 0.139189 4.92135 0.027288
3.98398e+07 47.2695 0.1 0.13964 4.72695 0.0276571
4.004e+07 45.4114 0.1 0.14009 4.54115 0.0280293
4.02402e+07 43.6352 0.1 0.140541 4.36352 0.0284046
4.04404e+07 41.9367 0.1 0.140991 4.19367 0.028783
4.06406e+07 40.3122 0.1 0.141441 4.03123 0.0291645
4.08408e+07 38.7582 0.1 0.141892 3.87582 0.0295492
4.1041e+07 37.2713 0.1 0.142342 3.72713 0.029937
4.12412e+07 35.8482 0.1 0.142793 3.58482 0.030328
4.14414e+07 34.486 0.1 0.143243 3.4486 0.0307222
4.16416e+07 33.1817 0.1 0.143694 3.31817 0.0311196
4.18418e+07 31.9326 0.1 0.144144 3.19327 0.0315202
4.2042e+07 30.7362 0.1 0.144595 3.07363 0.0319239
4.22422e+07 29.59 0.1 0.145045 2.959 0.0323309
4.24424e+07 28.4917 0.1 0.145495 2.84917 0.0327412
4.26426e+07 27.439 0.1 0.145946 2.7439 0.0331546
4.28428e+07 26.4299 0.1 0.146396 2.64299 0.0335713
4.3043e+07 25.4623 0.1 0.146847 2.54623 0.0339913
4.32432e+07 24.5344 0.1 0.147297 2.45344 0.0344145
4.34434e+07 23.6443 0.1 0.147748 2.36443 0.034841
4.36436e+07 22.7905 0.1 0.148198 2.27905 0.0352708
4.38438e+07 21.9711 0.1 0.148649 2.19711 0.0357039
4.4044e+07 21.1848 0.1 0.149099 2.11848 0.0361403
4.42442e+07 20.4299 0.1 0.14955 2.04299 0.0365801
4.44444e+07 19.7052 0.1 0.15 1.97052 0.0370231
4.46446e+07 19.0093 0.1 0.15045 1.90093 0.0374695
4.48448e+07 18.3409 0.1 0.150901 1.83409 0.0379192
4.5045e+07 17.6989 0.1 0.151351 1.76989 0.0383723
4.52452e+07 17.082 0.1 0.151802 1.7082 0.0388288
4.54454e+07 16.4892 0.1 0.152252 1.64892 0.0392887
4.56456e+07 15.9194 0.1 0.152703 1.59194 0.0397519
4.58458e+07 15.3717 0.1 0.153153 1.53717 0.0402185
4.6046e+07 14.8451 0.1 0.153604 1.48451 0.0406886
4.62462e+07 14.3387 0.1 0.154054 1.43387 0.041162
4.64464e+07 13.8516 0.1 0.154505 1.38516 0.0416389
4.66466e+07 13.3831 0.1 0.154955 1.33831 0.0421193
4.68468e+07 12.9324 0.1 0.155405 1.29324 0.042603
4.7047e+07 12.4986 0.1 0.155856 1.24986 0.0430903
4.72472e+07 12.0812 0.1 0.156306 1.20812 0.043581
4.74474e+07 11.6793 0.1 0.156757 1.16793 0.0440752
4.76476e+07 11.2925 0.1 0.157207 1.12925 0.0445728
4.78478e+07 10.92 0.1 0.157658 1.092 0.045074
4.8048e+07 10.5612 0.1 0.158108 1.05612 0.0455787
4.82482e+07 10.2157 0.1 0.158559 1.02157 0.0460869
4.84484e+07 9.88285 0.1 0.159009 0.988285 0.0465986
4.86486e+07 9.56214 0.1 0.159459 0.956214 0.0471138
4.88488e+07 9.25309 0.1 0.15991 0.925309 0.0476326
4.9049e+07 8.95523 0.1 0.16036 0.895523 0.048155
4.92492e+07 8.66811 0.1 0.160811 0.866811 0.0486809
4.94494e+07 8.39131 0.1 0.161261 0.839131 0.0492104
4.96496e+07 8.12441 0.1 0.161712 0.812441 0.0497435
4.98498e+07 7.86702 0.1 0.162162 0.786702 0.0502801
5.00501e+07 7.61877 0.1 0.162613 0.761877 0.0508204
5.02503e+07 7.3793 0.1 0.163063 0.73793 0.0513643
5.04505e+07 7.14827 0.1 0.163514 0.714827 0.0519118
5.06507e+07 6.92534 0.1 0.163964 0.692534 0.052463
5.08509e+07 6.7102 0.1 0.164414 0.67102 0.0530178
5.10511e+07 6.50255 0.1 0.164865 0.650255 0.0535762
5.12513e+07 6.3021 0.1 0.165315 0.63021 0.0541383
5.14515e+07 6.10858 0.1 0.165766 0.610858 0.0547041
5.16517e+07 5.92172 0.1 0.166216 0.592172 0.0552736
5.18519e+07 5.74126 0.1 0.166667 0.574126 0.0558467
5.20521e+07 5.56696 0.1 0.167117 0.556696 0.0564236
5.22523e+07 5.3986 0.1 0.167568 0.53986 0.0570041
5.24525e+07 5.23594 0.1 0.168018 0.523594 0.0575884
5.26527e+07 5.07878 0.1 0.168468 0.507878 0.0581764
5.28529e+07 4.9269 0.1 0.168919 0.49269 0.0587682
5.30531e+07 4.78011 0.1 0.169369 0.478011 0.0593637
5.32533e+07 4.63823 0.1 0.16982 0.463823 0.0599629
5.34535e+07 4.50106 0.1 0.17027 0.450106 0.0605659
5.36537e+07 4.36844 0.1 0.170721 0.436844 0.0611727
5.38539e+07 4.24021 0.1 0.171171 0.424021 0.0617833
5.40541e+07 4.11619 0.1 0.171622 0.411619 0.0623977
5.42543e+07 3.99623 0.1 0.172072 0.399623 0.0630158
5.44545e+07 3.8802 0.1 0.172523 0.38802 0.0636378
5.46547e+07 3.76794 0.1 0.172973 0.376794 0.0642636
5.48549e+07 3.65932 0.1 0.173423 0.365932 0.0648933
5.50551e+07 3.55421 0.1 0.173874 0.355421 0.0655268
5.52553e+07 3.45249 0.1 0.174324 0.345249 0.0661641
5.54555e+07 3.35403 0.1 0.174775 0.335403 0.0668053
5.56557e+07 3.25872 0.1 0.175225 0.325872 0.0674504
5.58559e+07 3.16644 0.1 0.175676 0.316644 0.0680993
5.60561e+07 3.0771 0.1 0.176126 0.30771 0.0687522
5.62563e+07 2.99057 0.1 0.176577 0.299057 0.0694089
5.64565e+07 2.90678 0.1 0.177027 0.290678 0.0700695
5.66567e+07 2.82562 0.1 0.177477 0.282562 0.0707341
5.68569e+07 2.747 0.1 0.177928 0.2747 0.0714026
5.70571e+07 2.67083 0.1 0.178378 0.267083 0.072075
5.72573e+07 2.59703 0.1 0.178829 0.259703 0.0727513
5.74575e+07 2.52552 0.1 0.179279 0.252552 0.0734317
5.76577e+07 2.45621 0.1 0.17973 0.245621 0.0741159
5.78579e+07 2.38903 0.1 0.18018 0.238903 0.0748042
5.80581e+07 2.32392 0.1 0.180631 0.232392 0.0754964
5.82583e+07 2.2608 0.1 0.181081 0.22608 0.0761926
5.84585e+07 2.19959 0.1 0.181532 0.219959 0.0768928
5.86587e+07 2.14025 0.1 0.181982 0.214025 0.0775971
5.88589e+07 2.0827 0.1 0.182432 0.20827 0.0783053
5.90591e+07 2.02688 0.1 0.182883 0.202688 0.0790176
5.92593e+07 1.97275 0.1 0.183333 0.197275 0.0797339
5.94595e+07 1.92023 0.1 0.183784 0.192023 0.0804542
5.96597e+07 1.86928 0.1 0.184234 0.186928 0.0811786
5.98599e+07 1.81985 0.1 0.184685 0.181985 0.0819071
6.00601e+07 1.77188 0.1 0.185135 0.177188 0.0826396
6.02603e+07 1.72533 0.1 0.185586 0.172533 0.0833762
6.04605e+07 1.68016 0.1 0.186036 0.168016 0.0841169
6.06607e+07 1.6363 0.1 0.186486 0.16363 0.0848617
6.08609e+07 1.59374 0.1 0.186937 0.159374 0.0856107
6.10611e+07 1.55241 0.1 0.187387 0.155241 0.0863637
6.12613e+07 1.51229 0.1 0.187838 0.151229 0.0871208
6.14615e+07 1.47332 0.1 0.188288 0.147332 0.0878821
6.16617e+07 1.43549 0.1 0.188739 0.143549 0.0886476
6.18619e+07 1.39874 0.1 0.189189 0.139874 0.0894172
6.20621e+07 1.36305 0.1 0.18964 0.136305 0.0901909
6.22623e+07 1.32838 0.1 0.19009 0.132838 0.0909688
6.24625e+07 1.2947 0.1 0.190541 0.12947 0.0917509
6.26627e+07 1.26197 0.1 0.190991 0.126197 0.0925372
6.28629e+07 1.23018 0.1 0.191441 0.123018 0.0933277
6.30631e+07 1.19928 0.1 0.191892 0.119928 0.0941224
6.32633e+07 1.16925 0.1 0.192342 0.116925 0.0949213
6.34635e+07 1.14007 0.1 0.192793 0.114007 0.0957245
6.36637e+07 1.1117 0.1 0.193243 0.11117 0.0965318
6.38639e+07 1.08413 0.1 0.193694 0.108413 0.0973435
6.40641e+07 1.05732 0.1 0.194144 0.105732 0.0981593
6.42643e+07 1.03125 0.1 0.194595 0.103125 0.0989794
6.44645e+07 1.00591 0.1 0.195045 0.100591 0.0998038
6.46647e+07 0.981262 0.1 0.195495 0.0981262 0.100633
6.48649e+07 0.957294 0.1 0.195946 0.0957294 0.101465
6.50651e+07 0.933982 0.1 0.196396 0.0933982 0.102303
6.52653e+07 0.911306 0.1 0.196847 0.0911306 0.103144
6.54655e+07 0.889249 0.1 0.197297 0.0889249 0.10399
6.56657e+07 0.86779 0.1 0.197748 0.086779 0.10484
6.58659e+07 0.846911 0.1 0.198198 0.0846911 0.105695
6.60661e+07 0.826597 0.1 0.198649 0.0826597 0.106554
6.62663e+07 0.806829 0.1 0.199099 0.0806829 0.107417
6.64665e+07 0.787591 0.1 0.19955 0.0787591 0.108285
6.66667e+07 0.768867 0.1 0.2 0.0768867 0.109156
6.68669e+07 0.750643 0.1 0.20045 0.0750643 0.110033
6.70671e+07 0.732903 0.1 0.200901 0.0732903 0.110914
6.72673e+07 0.715634 0.1 0.201351 0.0715634 0.111799
6.74675e+07 0.698821 0.1 0.201802 0.0698821 0.112688
6.76677e+07 0.682451 0.1 0.202252 0.0682451 0.113582
6.78679e+07 0.666511 0.1 0.202703 0.0666511 0.11448
6.80681e+07 0.650989 0.1 0.203153 0.0650989 0.115383
6.82683e+07 0.635873 0.1 0.203604 0.0635873 0.11629
6.84685e+07 0.62115 0.1 0.204054 0.062115 0.117202
6.86687e+07 0.606809 0.1 0.204505 0.0606809 0.118118
6.88689e+07 0.59284 0.1 0.204955 0.059284 0.119039
6.90691e+07 0.579232 0.1 0.205405 0.0579232 0.119964
6.92693e+07 0.565974 0.1 0.205856 0.0565974 0.120893
6.94695e+07 0.553056 0.1 0.206306 0.0553056 0.121827
6.96697e+07 0.54047 0.1 0.206757 0.054047 0.122765
6.98699e+07 0.528204 0.1 0.207207 0.0528204 0.123708
7.00701e+07 0.516251 0.1 0.207658 0.0516251 0.124656
7.02703e+07 0.504601 0.1 0.208108 0.0504601 0.125608
7.04705e+07 0.493246 0.1 0.208559 0.0493246 0.126565
7.06707e+07 0.482178 0.1 0.209009 0.0482178 0.127526
7.08709e+07 0.471389 0.1 0.209459 0.0471389 0.128491
7.10711e+07 0.46087 0.1 0.20991 0.046087 0.129461
7.12713e+07 0.450615 0.1 0.21036 0.0450615 0.130436
7.14715e+07 0.440615 0.1 0.210811 0.0440615 0.131416
7.16717e+07 0.430865 0.1 0.211261 0.0430865 0.132399
7.18719e+07 0.421356 0.1 0.211712 0.0421356 0.133388
7.20721e+07 0.412083 0.1 0.212162 0.0412083 0.134381
7.22723e+07 0.403039 0.1 0.212613 0.0403039 0.135379
7.24725e+07 0.394218 0.1 0.213063 0.0394218 0.136381
7.26727e+07 0.385613 0.1 0.213514 0.0385613 0.137388
7.28729e+07 0.377219 0.1 0.213964 0.0377219 0.1384
7.30731e+07 0.369031 0.1 0.214414 0.0369031 0.139416
7.32733e+07 0.361041 0.1 0.214865 0.0361041 0.140437
7.34735e+07 0.353246 0.1 0.215315 0.0353246 0.141462
7.36737e+07 0.345639 0.1 0.215766 0.0345639 0.142493
7.38739e+07 0.338216 0.1 0.216216 0.0338216 0.143528
7.40741e+07 0.330972 0.1 0.216667 0.0330972 0.144567
7.42743e+07 0.323902 0.1 0.217117 0.0323902 0.145611
7.44745e+07 0.317002 0.1 0.217568 0.0317002 0.14666
7.46747e+07 0.310266 0.1 0.218018 0.0310266 0.147714
7.48749e+07 0.303691 0.1 0.218468 0.0303691 0.148772
7.50751e+07 0.297273 0.1 0.218919 0.0297273 0.149836
7.52753e+07 0.291006 0.1 0.219369 0.0291006 0.150903
7.54755e+07 0.284888 0.1 0.21982 0.0284888 0.151976
7.56757e+07 0.278914 0.1 0.22027 0.0278914 0.153053
7.58759e+07 0.273081 0.1 0.220721 0.0273081 0.154136
7.60761e+07 0.267385 0.1 0.221171 0.0267385 0.155222
7.62763e+07 0.261822 0.1 0.221622 0.0261822 0.156314
7.64765e+07 0.256388 0.1 0.222072 0.0256388 0.157411
7.66767e+07 0.251082 0.1 0.222523 0.0251082 0.158512
7.68769e+07 0.245898 0.1 0.222973 0.0245898 0.159618
7.70771e+07 0.240835 0.1 0.223423 0.0240835 0.160729
7.72773e+07 0.235888 0.1 0.223874 0.0235888 0.161844
7.74775e+07 0.231056 0.1 0.224324 0.0231056 0.162965
7.76777e+07 0.226335 0.1 0.224775 0.0226335 0.16409
7.78779e+07 0.221722 0.1 0.225225 0.0221722 0.16522
7.80781e+07 0.217214 0.1 0.225676 0.0217214 0.166356
7.82783e+07 0.21281 0.1 0.226126 0.021281 0.167495
7.84785e+07 0.208505 0.1 0.226577 0.0208505 0.16864
7.86787e+07 0.204298 0.1 0.227027 0.0204298 0.16979
7.88789e+07 0.200187 0.1 0.227477 0.0200187 0.170944
7.90791e+07 0.196168 0.1 0.227928 0.0196168 0.172104
7.92793e+07 0.19224 0.1 0.228378 0.019224 0.173268
7.94795e+07 0.1884 0.1 0.228829 0.01884 0.174437
7.96797e+07 0.184646 0.1 0.229279 0.0184646 0.175612
7.98799e+07 0.180976 0.1 0.22973 0.0180976 0.176791
8.00801e+07 0.177388 0.1 0.23018 0.0177388 0.177975
8.02803e+07 0.17388 0.1 0.230631 0.017388 0.179164
8.04805e+07 0.17045 0.1 0.231081 0.017045 0.180358
8.06807e+07 0.167096 0.1 0.231532 0.0167096 0.181556
8.08809e+07 0.163815 0.1 0.231982 0.0163815 0.18276
8.10811e+07 0.160607 0.1 0.232432 0.0160607 0.183969
8.12813e+07 0.15747 0.1 0.232883 0.015747 0.185183
8.14815e+07 0.154401 0.1 0.233333 0.0154401 0.186402
8.16817e+07 0.151399 0.1 0.233784 0.0151399 0.187626
8.18819e+07 0.148463 0.1 0.234234 0.0148463 0.188854
8.20821e+07 0.145591 0.1 0.234685 0.0145591 0.190088
8.22823e+07 0.142781 0.1 0.235135 0.0142781 0.191327
8.24825e+07 0.140032 0.1 0.235586 0.0140032 0.192571
8.26827e+07 0.137342 0.1 0.236036 0.0137342 0.19382
8.28829e+07 0.134711 0.1 0.236486 0.0134711 0.195074
8.30831e+07 0.132136 0.1 0.236937 0.0132136 0.196333
8.32833e+07 0.129616 0.1 0.237387 0.0129616 0.197597
8.34835e+07 0.12715 0.1 0.237838 0.012715 0.198866
8.36837e+07 0.124737 0.1 0.238288 0.0124737 0.200141
8.38839e+07 0.122375 0.1 0.238739 0.0122375 0.20142
8.40841e+07 0.120063 0.1 0.239189 0.0120063 0.202704
8.42843e+07 0.117801 0.1 0.23964 0.0117801 0.203994
8.44845e+07 0.115586 0.1 0.24009 0.0115586 0.205289
8.46847e+07 0.113418 0.1 0.240541 0.0113418 0.206588
8.48849e+07 0.111296 0.1 0.240991 0.0111296 0.207893
8.50851e+07 0.109218 0.1 0.241441 0.0109218 0.209203
8.52853e+07 0.107184 0.1 0.241892 0.0107184 0.210519
8.54855e+07 0.105192 0.1 0.242342 0.0105192 0.211839
8.56857e+07 0.103242 0.1 0.242793 0.0103242 0.213165
8.58859e+07 0.101332 0.1 0.243243 0.0101332 0.214495
8.60861e+07 0.0994621 0.1 0.243694 0.00994621 0.215831
8.62863e+07 0.0976308 0.1 0.244144 0.00976308 0.217172
8.64865e+07 0.0958374 0.1 0.244595 0.00958374 0.218519
8.66867e+07 0.094081 0.1 0.245045 0.0094081 0.21987
8.68869e+07 0.0923607 0.1 0.245495 0.00923607 0.221227
8.70871e+07 0.0906757 0.1 0.245946 0.00906757 0.222589
8.72873e+07 0.0890253 0.1 0.246396 0.00890253 0.223956
8.74875e+07 0.0874085 0.1 0.246847 0.00874085 0.225328
8.76877e+07 0.0858247 0.1 0.247297 0.00858247 0.226706
8.78879e+07 0.0842731 0.1 0.247748 0.00842731 0.228089
8.80881e+07 0.082753 0.1 0.248198 0.0082753 0.229477
8.82883e+07 0.0812637 0.1 0.248649 0.00812637 0.23087
8.84885e+07 0.0798044 0.1 0.249099 0.00798044 0.232269
8.86887e+07 0.0783746 0.1 0.24955 0.00783746 0.233673
8.88889e+07 0.0769735 0.1 0.25 0.00769735 0.235082
8.90891e+07 0.0756006 0.1 0.25045 0.00756006 0.236497
8.92893e+07 0.0742551 0.1 0.250901 0.00742551 0.237916
8.94895e+07 0.0729365 0.1 0.251351 0.00729365 0.239342
8.96897e+07 0.0716442 0.1 0.251802 0.00716442 0.240772
8.98899e+07 0.0703776 0.1 0.252252 0.00703776 0.242208
9.00901e+07 0.0691361 0.1 0.252703 0.00691361 0.243649
9.02903e+07 0.0679192 0.1 0.253153 0.00679192 0.245096
9.04905e+07 0.0667264 0.1 0.253604 0.00667264 0.246548
9.06907e+07 0.0655571 0.1 0.254054 0.00655571 0.248005
9.08909e+07 0.0644108 0.1 0.254505 0.00644108 0.249467
9.10911e+07 0.0632869 0.1 0.254955 0.00632869 0.250935
9.12913e+07 0.0621851 0.1 0.255405 0.00621851 0.252409
9.14915e+07 0.0611048 0.1 0.255856 0.00611048 0.253888
9.16917e+07 0.0600456 0.1 0.256306 0.00600456 0.255372
9.18919e+07 0.059007 0.1 0.256757 0.0059007 0.256861
9.20921e+07 0.0579886 0.1 0.257207 0.00579886 0.258356
9.22923e+07 0.0569899 0.1 0.257658 0.00569899 0.259857
9.24925e+07 0.0560105 0.1 0.258108 0.00560105 0.261363
9.26927e+07 0.05505 0.1 0.258559 0.005505 0.262874
9.28929e+07 0.054108 0.1 0.259009 0.0054108 0.264391
9.30931e+07 0.0531841 0.1 0.259459 0.00531841 0.265913
9.32933e+07 0.0522779 0.1 0.25991 0.00522779 0.267441
9.34935e+07 0.051389 0.1 0.26036 0.0051389 0.268974
9.36937e+07 0.0505171 0.1 0.260811 0.00505171 0.270512
9.38939e+07 0.0496618 0.1 0.261261 0.00496618 0.272057
9.40941e+07 0.0488228 0.1 0.261712 0.00488228 0.273606
9.42943e+07 0.0479996 0.1 0.262162 0.00479996 0.275161
9.44945e+07 0.0471921 0.1 0.262613 0.00471921 0.276722
9.46947e+07 0.0463998 0.1 0.263063 0.00463998 0.278288
9.48949e+07 0.0456224 0.1 0.263514 0.00456224 0.27986
9.50951e+07 0.0448597 0.1 0.263964 0.00448597 0.281437
9.52953e+07 0.0441113 0.1 0.264414 0.00441113 0.28302
9.54955e+07 0.0433769 0.1 0.264865 0.00433769 0.284608
9.56957e+07 0.0426562 0.1 0.265315 0.00426562 0.286202
9.58959e+07 0.0419489 0.1 0.265766 0.00419489 0.287801
9.60961e+07 0.0412549 0.1 0.266216 0.00412549 0.289406
9.62963e+07 0.0405737 0.1 0.266667 0.00405737 0.291017
9.64965e+07 0.0399051 0.1 0.267117 0.00399051 0.292633
9.66967e+07 0.039249 0.1 0.267568 0.0039249 0.294255
9.68969e+07 0.0386049 0.1 0.268018 0.00386049 0.295882
9.70971e+07 0.0379727 0.1 0.268468 0.00379727 0.297515
9.72973e+07 0.0373521 0.1 0.268919 0.00373521 0.299154
9.74975e+07 0.0367429 0.1 0.269369 0.00367429 0.300798
9.76977e+07 0.0361449 0.1 0.26982 0.00361449 0.302448
9.78979e+07 0.0355578 0.1 0.27027 0.00355578 0.304104
9.80981e+07 0.0349813 0.1 0.270721 0.00349813 0.305765
9.82983e+07 0.0344154 0.1 0.271171 0.00344154 0.307432
9.84985e+07 0.0338598 0.1 0.271622 0.00338598 0.309104
9.86987e+07 0.0333142 0.1 0.272072 0.00333142 0.310783
9.88989e+07 0.0327785 0.1 0.272523 0.00327785 0.312467
9.90991e+07 0.0322525 0.1 0.272973 0.00322525 0.314156
9.92993e+07 0.031736 0.1 0.273423 0.0031736 0.315851
9.94995e+07 0.0312287 0.1 0.273874 0.00312287 0.317552
9.96997e+07 0.0307306 0.1 0.274324 0.00307306 0.319259
9.98999e+07 0.0302413 0.1 0.274775 0.00302413 0.320971
1.001e+08 0.0297608 0.1 0.275225 0.00297608 0.32269
1.003e+08 0.0292889 0.1 0.275676 0.00292889 0.324413
1.00501e+08 0.0288254 0.1 0.276126 0.00288254 0.326143
1.00701e+08 0.0283701 0.1 0.276577 0.00283701 0.327878
1.00901e+08 0.0279229 0.1 0.277027 0.00279229 0.32962
1.01101e+08 0.0274836 0.1 0.277477 0.00274836 0.331367
1.01301e+08 0.0270521 0.1 0.277928 0.00270521 0.333119
1.01502e+08 0.0266282 0.1 0.278378 0.00266282 0.334878
1.01702e+08 0.0262117 0.1 0.278829 0.00262117 0.336642
1.01902e+08 0.0258026 0.1 0.279279 0.00258026 0.338412
1.02102e+08 0.0254006 0.1 0.27973 0.00254006 0.340188
1.02302e+08 0.0250056 0.1 0.28018 0.00250056 0.341969
1.02503e+08 0.0246176 0.1 0.280631 0.00246176 0.343757
1.02703e+08 0.0242363 0.1 0.281081 0.00242363 0.34555
1.02903e+08 0.0238616 0.1 0.281532 0.00238616 0.347349
1.03103e+08 0.0234935 0.1 0.281982 0.00234935 0.349154
1.03303e+08 0.0231317 0.1 0.282432 0.00231317 0.350965
1.03504e+08 0.0227762 0.1 0.282883 0.00227762 0.352782
1.03704e+08 0.0224268 0.1 0.283333 0.00224268 0.354605
1.03904e+08 0.0220834 0.1 0.283784 0.00220834 0.356433
1.04104e+08 0.021746 0.1 0.284234 0.0021746 0.358267
1.04304e+08 0.0214143 0.1 0.284685 0.00214143 0.360108
1.04505e+08 0.0210883 0.1 0.285135 0.00210883 0.361954
1.04705e+08 0.0207679 0.1 0.285586 0.00207679 0.363806
1.04905e+08 0.0204529 0.1 0.286036 0.00204529 0.365664
1.05105e+08 0.0201433 0.1 0.286486 0.00201433 0.367527
1.05305e+08 0.019839 0.1 0.286937 0.0019839 0.369397
1.05506e+08 0.0195398 0.1 0.287387 0.00195398 0.371273
1.05706e+08 0.0192457 0.1 0.287838 0.00192457 0.373155
1.05906e+08 0.0189566 0.1 0.288288 0.00189566 0.375042
1.06106e+08 0.0186723 0.1 0.288739 0.00186723 0.376936
1.06306e+08 0.0183928 0.1 0.289189 0.00183928 0.378835
1.06507e+08 0.0181181 0.1 0.28964 0.00181181 0.380741
1.06707e+08 0.0178479 0.1 0.29009 0.00178479 0.382652
1.06907e+08 0.0175823 0.1 0.290541 0.00175823 0.38457
1.07107e+08 0.0173211 0.1 0.290991 0.00173211 0.386493
1.07307e+08 0.0170642 0.1 0.291441 0.00170642 0.388422
1.07508e+08 0.0168117 0.1 0.291892 0.00168117 0.390358
1.07708e+08 0.0165633 0.1 0.292342 0.00165633 0.392299
1.07908e+08 0.0163191 0.1 0.292793 0.00163191 0.394247
1.08108e+08 0.0160789 0.1 0.293243 0.00160789 0.3962
1.08308e+08 0.0158426 0.1 0.293694 0.00158426 0.39816
1.08509e+08 0.0156103 0.1 0.294144 0.00156103 0.400126
1.08709e+08 0.0153818 0.1 0.294595 0.00153818 0.402097
1.08909e+08 0.015157 0.1 0.295045 0.0015157 0.404075
1.09109e+08 0.014936 0.1 0.295495 0.0014936 0.406059
1.09309e+08 0.0147185 0.1 0.295946 0.00147185 0.408049
1.0951e+08 0.0145046 0.1 0.296396 0.00145046 0.410045
1.0971e+08 0.0142942 0.1 0.296847 0.00142942 0.412047
1.0991e+08 0.0140873 0.1 0.297297 0.00140873 0.414055
1.1011e+08 0.0138837 0.1 0.297748 0.00138837 0.416069
1.1031e+08 0.0136833 0.1 0.298198 0.00136833 0.418089
1.10511e+08 0.0134863 0.1 0.298649 0.00134863 0.420116
1.10711e+08 0.0132924 0.1 0.299099 0.00132924 0.422149
1.10911e+08 0.0131017 0.1 0.29955 0.00131017 0.424187
1.11111e+08 0.012914 0.1 0.3 0.0012914 0.426232
1.11311e+08 0.0127294 0.1 0.30045 0.00127294 0.428283
1.11512e+08 0.0125477 0.1 0.300901 0.00125477 0.43034
1.11712e+08 0.0123689 0.1 0.301351 0.00123689 0.432404
1.11912e+08 0.012193 0.1 0.301802 0.0012193 0.434473
1.12112e+08 0.0120199 0.1 0.302252 0.00120199 0.436549
1.12312e+08 0.0118496 0.1 0.302703 0.00118496 0.438631
1.12513e+08 0.0116819 0.1 0.303153 0.00116819 0.440719
1.12713e+08 0.011517 0.1 0.303604 0.0011517 0.442813
1.12913e+08 0.0113546 0.1 0.304054 0.00113546 0.444914
1.13113e+08 0.0111948 0.1 0.304505 0.00111948 0.447021
1.13313e+08 0.0110376 0.1 0.304955 0.00110376 0.449133
1.13514e+08 0.0108828 0.1 0.305405 0.00108828 0.451253
1.13714e+08 0.0107305 0.1 0.305856 0.00107305 0.453378
1.13914e+08 0.0105805 0.1 0.306306 0.00105805 0.45551
1.14114e+08 0.0104329 0.1 0.306757 0.00104329 0.457648
1.14314e+08 0.0102877 0.1 0.307207 0.00102877 0.459792
1.14515e+08 0.0101446 0.1 0.307658 0.00101446 0.461942
1.14715e+08 0.0100039 0.1 0.308108 0.00100039 0.464099
1.14915e+08 0.00986529 0.1 0.308559 0.000986529 0.466262
1.15115e+08 0.00972887 0.1 0.309009 0.000972887 0.468431
1.15315e+08 0.00959457 0.1 0.309459 0.000959457 0.470607
1.15516e+08 0.00946234 0.1 0.30991 0.000946234 0.472789
1.15716e+08 0.00933217 0.1 0.31036 0.000933217 0.474977
1.15916e+08 0.009204 0.1 0.310811 0.0009204 0.477171
1.16116e+08 0.00907781 0.1 0.311261 0.000907781 0.479372
1.16316e+08 0.00895357 0.1 0.311712 0.000895357 0.481579
1.16517e+08 0.00883123 0.1 0.312162 0.000883123 0.483793
1.16717e+08 0.00871077 0.1 0.312613 0.000871077 0.486013
1.16917e+08 0.00859216 0.1 0.313063 0.000859216 0.488239
1.17117e+08 0.00847536 0.1 0.313514 0.000847536 0.490472
1.17317e+08 0.00836035 0.1 0.313964 0.000836035 0.492711
1.17518e+08 0.00824708 0.1 0.314414 0.000824708 0.494956
1.17718e+08 0.00813554 0.1 0.314865 0.000813554 0.497208
1.17918e+08 0.0080257 0.1 0.315315 0.00080257 0.499466
1.18118e+08 0.00791752 0.1 0.315766 0.000791752 0.50173
1.18318e+08 0.00781098 0.1 0.316216 0.000781098 0.504001
1.18519e+08 0.00770605 0.1 0.316667 0.000770605 0.506279
1.18719e+08 0.0076027 0.1 0.317117 0.00076027 0.508562
1.18919e+08 0.0075009 0.1 0.317568 0.00075009 0.510852
1.19119e+08 0.00740064 0.1 0.318018 0.000740064 0.513149
1.19319e+08 0.00730189 0.1 0.318468 0.000730189 0.515452
1.1952e+08 0.00720461 0.1 0.318919 0.000720461 0.517762
1.1972e+08 0.00710879 0.1 0.319369 0.000710879 0.520078
1.1992e+08 0.0070144 0.1 0.31982 0.00070144 0.5224
1.2012e+08 0.00692142 0.1 0.32027 0.000692142 0.524729
1.2032e+08 0.00682982 0.1 0.320721 0.000682982 0.527064
1.20521e+08 0.00673959 0.1 0.321171 0.000673959 0.529406
1.20721e+08 0.00665069 0.1 0.321622 0.000665069 0.531754
1.20921e+08 0.00656311 0.1 0.322072 0.000656311 0.534109
1.21121e+08 0.00647683 0.1 0.322523 0.000647683 0.536471
1.21321e+08 0.00639182 0.1 0.322973 0.000639182 0.538838
1.21522e+08 0.00630806 0.1 0.323423 0.000630806 0.541213
1.21722e+08 0.00622553 0.1 0.323874 0.000622553 0.543594
1.21922e+08 0.00614422 0.1 0.324324 0.000614422 0.545981
1.22122e+08 0.0060641 0.1 0.324775 0.00060641 0.548375
1.22322e+08 0.00598516 0.1 0.325225 0.000598516 0.550776
1.22523e+08 0.00590737 0.1 0.325676 0.000590737 0.553183
1.22723e+08 0.00583071 0.1 0.326126 0.000583071 0.555597
1.22923e+08 0.00575517 0.1 0.326577 0.000575517 0.558017
1.23123e+08 0.00568073 0.1 0.327027 0.000568073 0.560444
1.23323e+08 0.00560737 0.1 0.327477 0.000560737 0.562877
1.23524e+08 0.00553508 0.1 0.327928 0.000553508 0.565317
1.23724e+08 0.00546383 0.1 0.328378 0.000546383 0.567764
1.23924e+08 0.00539362 0.1 0.328829 0.000539362 0.570217
1.24124e+08 0.00532441 0.1 0.329279 0.000532441 0.572677
1.24324e+08 0.00525621 0.1 0.32973 0.000525621 0.575143
1.24525e+08 0.00518898 0.1 0.33018 0.000518898 0.577616
1.24725e+08 0.00512272 0.1 0.330631 0.000512272 0.580096
1.24925e+08 0.00505741 0.1 0.331081 0.000505741 0.582582
1.25125e+08 0.00499304 0.1 0.331532 0.000499304 0.585075
1.25325e+08 0.00492959 0.1 0.331982 0.000492959 0.587575
1.25526e+08 0.00486704 0.1 0.332432 0.000486704 0.590081
1.25726e+08 0.00480538 0.1 0.332883 0.000480538 0.592594
1.25926e+08 0.0047446 0.1 0.333333 0.00047446 0.595114
1.26126e+08 0.00468469 0.1 0.333784 0.000468469 0.59764
1.26326e+08 0.00462562 0.1 0.334234 0.000462562 0.600173
1.26527e+08 0.00456739 0.1 0.334685 0.000456739 0.602713
1.26727e+08 0.00450999 0.1 0.335135 0.000450999 0.605259
1.26927e+08 0.00445339 0.1 0.335586 0.000445339 0.607812
1.27127e+08 0.0043976 0.1 0.336036 0.00043976 0.610372
1.27327e+08 0.00434258 0.1 0.336486 0.000434258 0.612939
1.27528e+08 0.00428835 0.1 0.336937 0.000428835 0.615512
1.27728e+08 0.00423487 0.1 0.337387 0.000423487 0.618092
1.27928e+08 0.00418214 0.1 0.337838 0.000418214 0.620679
1.28128e+08 0.00413015 0.1 0.338288 0.000413015 0.623273
1.28328e+08 0.00407888 0.1 0.338739 0.000407888 0.625873
1.28529e+08 0.00402833 0.1 0.339189 0.000402833 0.62848
1.28729e+08 0.00397848 0.1 0.33964 0.000397848 0.631094
1.28929e+08 0.00392933 0.1 0.34009 0.000392933 0.633715
1.29129e+08 0.00388086 0.1 0.340541 0.000388086 0.636342
1.29329e+08 0.00383306 0.1 0.340991 0.000383306 0.638977
1.2953e+08 0.00378592 0.1 0.341441 0.000378592 0.641618
1.2973e+08 0.00373943 0.1 0.341892 0.000373943 0.644266
1.2993e+08 0.00369358 0.1 0.342342 0.000369358 0.64692
1.3013e+08 0.00364837 0.1 0.342793 0.000364837 0.649582
1.3033e+08 0.00360377 0.1 0.343243 0.000360377 0.65225
1.30531e+08 0.00355979 0.1 0.343694 0.000355979 0.654925
1.30731e+08 0.00351641 0.1 0.344144 0.000351641 0.657607
1.30931e+08 0.00347363 0.1 0.344595 0.000347363 0.660296
1.31131e+08 0.00343143 0.1 0.345045 0.000343143 0.662992
1.31331e+08 0.0033898 0.1 0.345495 0.00033898 0.665695
1.31532e+08 0.00334875 0.1 0.345946 0.000334875 0.668404
1.31732e+08 0.00330825 0.1 0.346396 0.000330825 0.671121
1.31932e+08 0.0032683 0.1 0.346847 0.00032683 0.673844
1.32132e+08 0.00322889 0.1 0.347297 0.000322889 0.676574
1.32332e+08 0.00319002 0.1 0.347748 0.000319002 0.679311
1.32533e+08 0.00315167 0.1 0.348198 0.000315167 0.682055
1.32733e+08 0.00311384 0.1 0.348649 0.000311384 0.684806
1.32933e+08 0.00307653 0.1 0.349099 0.000307653 0.687564
1.33133e+08 0.00303971 0.1 0.34955 0.000303971 0.690329
1.33333e+08 0.00300339 0.1 0.35 0.000300339 0.693101
1.33534e+08 0.00296755 0.1 0.35045 0.000296755 0.695879
1.33734e+08 0.0029322 0.1 0.350901 0.00029322 0.698665
1.33934e+08 0.00289732 0.1 0.351351 0.000289732 0.701457
1.34134e+08 0.0028629 0.1 0.351802 0.00028629 0.704257
1.34334e+08 0.00282895 0.1 0.352252 0.000282895 0.707063
1.34535e+08 0.00279545 0.1 0.352703 0.000279545 0.709877
1.34735e+08 0.00276239 0.1 0.353153 0.000276239 0.712697
1.34935e+08 0.00272977 0.1 0.353604 0.000272977 0.715525
1.35135e+08 0.00269758 0.1 0.354054 0.000269758 0.718359
1.35335e+08 0.00266582 0.1 0.354505 0.000266582 0.721201
1.35536e+08 0.00263449 0.1 0.354955 0.000263449 0.724049
1.35736e+08 0.00260356 0.1 0.355405 0.000260356 0.726905
1.35936e+08 0.00257304 0.1 0.355856 0.000257304 0.729767
1.36136e+08 0.00254293 0.1 0.356306 0.000254293 0.732637
1.36336e+08 0.00251321 0.1 0.356757 0.000251321 0.735513
1.36537e+08 0.00248388 0.1 0.357207 0.000248388 0.738397
1.36737e+08 0.00245493 0.1 0.357658 0.000245493 0.741288
1.36937e+08 0.00242637 0.1 0.358108 0.000242637 0.744186
1.37137e+08 0.00239817 0.1 0.358559 0.000239817 0.74709
1.37337e+08 0.00237035 0.1 0.359009 0.000237035 0.750002
1.37538e+08 0.00234289 0.1 0.359459 0.000234289 0.752921
1.37738e+08 0.00231578 0.1 0.35991 0.000231578 0.755847
1.37938e+08 0.00228903 0.1 0.36036 0.000228903 0.758781
1.38138e+08 0.00226262 0.1 0.360811 0.000226262 0.761721
1.38338e+08 0.00223656 0.1 0.361261 0.000223656 0.764668
1.38539e+08 0.00221084 0.1 0.361712 0.000221084 0.767623
1.38739e+08 0.00218544 0.1 0.362162 0.000218544 0.770584
1.38939e+08 0.00216038 0.1 0.362613 0.000216038 0.773553
1.39139e+08 0.00213563 0.1 0.363063 0.000213563 0.776529
1.39339e+08 0.00211121 0.1 0.363514 0.000211121 0.779512
1.3954e+08 0.0020871 0.1 0.363964 0.00020871 0.782502
1.3974e+08 0.0020633 0.1 0.364414 0.00020633 0.7855
1.3994e+08 0.0020398 0.1 0.364865 0.00020398 0.788504
1.4014e+08 0.00201661 0.1 0.365315 0.000201661 0.791516
1.4034e+08 0.00199371 0.1 0.365766 0.000199371 0.794535
1.40541e+08 0.0019711 0.1 0.366216 0.00019711 0.797561
1.40741e+08 0.00194878 0.1 0.366667 0.000194878 0.800594
1.40941e+08 0.00192674 0.1 0.367117 0.000192674 0.803635
1.41141e+08 0.00190499 0.1 0.367568 0.000190499 0.806682
1.41341e+08 0.00188351 0.1 0.368018 0.000188351 0.809737
1.41542e+08 0.0018623 0.1 0.368468 0.00018623 0.812799
1.41742e+08 0.00184136 0.1 0.368919 0.000184136 0.815869
1.41942e+08 0.00182069 0.1 0.369369 0.000182069 0.818945
1.42142e+08 0.00180027 0.1 0.36982 0.000180027 0.822029
1.42342e+08 0.00178012 0.1 0.37027 0.000178012 0.82512
1.42543e+08 0.00176021 0.1 0.370721 0.000176021 0.828218
1.42743e+08 0.00174056 0.1 0.371171 0.000174056 0.831324
1.42943e+08 0.00172115 0.1 0.371622 0.000172115 0.834437
1.43143e+08 0.00170199 0.1 0.372072 0.000170199 0.837557
1.43343e+08 0.00168307 0.1 0.372523 0.000168307 0.840684
1.43544e+08 0.00166438 0.1 0.372973 0.000166438 0.843819
1.43744e+08 0.00164592 0.1 0.373423 0.000164592 0.846961
1.43944e+08 0.0016277 0.1 0.373874 0.00016277 0.85011
1.44144e+08 0.0016097 0.1 0.374324 0.00016097 0.853267
1.44344e+08 0.00159193 0.1 0.374775 0.000159193 0.856431
1.44545e+08 0.00157437 0.1 0.375225 0.000157437 0.859602
1.44745e+08 0.00155704 0.1 0.375676 0.000155704 0.862781
1.44945e+08 0.00153991 0.1 0.376126 0.000153991 0.865967
1.45145e+08 0.001523 0.1 0.376577 0.0001523 0.86916
1.45345e+08 0.0015063 0.1 0.377027 0.00015063 0.87236
1.45546e+08 0.00148981 0.1 0.377477 0.000148981 0.875568
1.45746e+08 0.00147351 0.1 0.377928 0.000147351 0.878784
1.45946e+08 0.00145742 0.1 0.378378 0.000145742 0.882006
1.46146e+08 0.00144153 0.1 0.378829 0.000144153 0.885236
1.46346e+08 0.00142582 0.1 0.379279 0.000142582 0.888474
1.46547e+08 0.00141032 0.1 0.37973 0.000141032 0.891719
1.46747e+08 0.001395 0.1 0.38018 0.0001395 0.894971
1.46947e+08 0.00137987 0.1 0.380631 0.000137987 0.89823
1.47147e+08 0.00136492 0.1 0.381081 0.000136492 0.901497
1.47347e+08 0.00135015 0.1 0.381532 0.000135015 0.904772
1.47548e+08 0.00133557 0.1 0.381982 0.000133557 0.908054
1.47748e+08 0.00132116 0.1 0.382432 0.000132116 0.911343
1.47948e+08 0.00130692 0.1 0.382883 0.000130692 0.91464
1.48148e+08 0.00129286 0.1 0.383333 0.000129286 0.917944
1.48348e+08 0.00127897 0.1 0.383784 0.000127897 0.921256
1.48549e+08 0.00126524 0.1 0.384234 0.000126524 0.924575
1.48749e+08 0.00125168 0.1 0.384685 0.000125168 0.927901
1.48949e+08 0.00123829 0.1 0.385135 0.000123829 0.931235
1.49149e+08 0.00122505 0.1 0.385586 0.000122505 0.934577
1.49349e+08 0.00121198 0.1 0.386036 0.000121198 0.937926
1.4955e+08 0.00119906 0.1 0.386486 0.000119906 0.941282
1.4975e+08 0.00118629 0.1 0.386937 0.000118629 0.944646
1.4995e+08 0.00117368 0.1 0.387387 0.000117368 0.948018
1.5015e+08 0.00116122 0.1 0.387838 0.000116122 0.951397
1.5035e+08 0.00114891 0.1 0.388288 0.000114891 0.954783
1.50551e+08 0.00113674 0.1 0.388739 0.000113674 0.958177
1.50751e+08 0.00112472 0.1 0.389189 0.000112472 0.961579
1.50951e+08 0.00111284 0.1 0.38964 0.000111284 0.964988
1.51151e+08 0.00110111 0.1 0.39009 0.000110111 0.968405
1.51351e+08 0.00108951 0.1 0.390541 0.000108951 0.971829
1.51552e+08 0.00107805 0.1 0.390991 0.000107805 0.97526
1.51752e+08 0.00106672 0.1 0.391441 0.000106672 0.9787
1.51952e+08 0.00105553 0.1 0.391892 0.000105553 0.982147
1.52152e+08 0.00104447 0.1 0.392342 0.000104447 0.985601
1.52352e+08 0.00103354 0.1 0.392793 0.000103354 0.989063
1.52553e+08 0.00102274 0.1 0.393243 0.000102274 0.992533
1.52753e+08 0.00101207 0.1 0.393694 0.000101207 0.99601
1.52953e+08 0.00100152 0.1 0.394144 0.000100152 0.999495
1.53153e+08 0.000991091 0.1 0.394595 9.91091e-05 1.00299
1.53353e+08 0.000980788 0.1 0.395045 9.80788e-05 1.00649
1.53554e+08 0.000970604 0.1 0.395495 9.70604e-05 1.01
1.53754e+08 0.00096054 0.1 0.395946 9.6054e-05 1.01351
1.53954e+08 0.000950593 0.1 0.396396 9.50593e-05 1.01703
1.54154e+08 0.000940761 0.1 0.396847 9.40761e-05 1.02056
1.54354e+08 0.000931044 0.1 0.397297 9.31044e-05 1.0241
1.54555e+08 0.000921439 0.1 0.397748 9.21439e-05 1.02765
1.54755e+08 0.000911946 0.1 0.398198 9.11946e-05 1.0312
1.54955e+08 0.000902563 0.1 0.398649 9.02563e-05 1.03476
1.55155e+08 0.000893288 0.1 0.399099 8.93288e-05 1.03833
1.55355e+08 0.00088412 0.1 0.39955 8.8412e-05 1.04191
1.55556e+08 0.000875058 0.1 0.4 8.75058e-05 1.04549
1.55756e+08 0.000866101 0.1 0.40045 8.66101e-05 1.04908
1.55956e+08 0.000857246 0.1 0.400901 8.57246e-05 1.05268
1.56156e+08 0.000848493 0.1 0.401351 8.48493e-05 1.05629
1.56356e+08 0.000839841 0.1 0.401802 8.39841e-05 1.05991
1.56557e+08 0.000831287 0.1 0.402252 8.31287e-05 1.06353
1.56757e+08 0.000822832 0.1 0.402703 8.22832e-05 1.06716
1.56957e+08 0.000814473 0.1 0.403153 8.14473e-05 1.0708
1.57157e+08 0.00080621 0.1 0.403604 8.0621e-05 1.07444
1.57357e+08 0.00079804 0.1 0.404054 7.9804e-05 1.0781
1.57558e+08 0.000789964 0.1 0.404505 7.89964e-05 1.08176
1.57758e+08 0.00078198 0.1 0.404955 7.8198e-05 1.08543
1.57958e+08 0.000774086 0.1 0.405405 7.74086e-05 1.08911
1.58158e+08 0.000766282 0.1 0.405856 7.66282e-05 1.09279
1.58358e+08 0.000758566 0.1 0.406306 7.58566e-05 1.09648
1.58559e+08 0.000750937 0.1 0.406757 7.50937e-05 1.10018
1.58759e+08 0.000743395 0.1 0.407207 7.43395e-05 1.10389
1.58959e+08 0.000735938 0.1 0.407658 7.35938e-05 1.10761
1.59159e+08 0.000728565 0.1 0.408108 7.28565e-05 1.11133
1.59359e+08 0.000721275 0.1 0.408559 7.21275e-05 1.11506
1.5956e+08 0.000714066 0.1 0.409009 7.14066e-05 1.1188
1.5976e+08 0.000706939 0.1 0.409459 7.06939e-05 1.12255
1.5996e+08 0.000699892 0.1 0.40991 6.99892e-05 1.12631
1.6016e+08 0.000692924 0.1 0.41036 6.92924e-05 1.13007
1.6036e+08 0.000686033 0.1 0.410811 6.86033e-05 1.13384
1.60561e+08 0.00067922 0.1 0.411261 6.7922e-05 1.13762
1.60761e+08 0.000672482 0.1 0.411712 6.72482e-05 1.1414
1.60961e+08 0.00066582 0.1 0.412162 6.6582e-05 1.1452
1.61161e+08 0.000659232 0.1 0.412613 6.59232e-05 1.149
1.61361e+08 0.000652717 0.1 0.413063 6.52717e-05 1.15281
1.61562e+08 0.000646274 0.1 0.413514 6.46274e-05 1.15663
1.61762e+08 0.000639903 0.1 0.413964 6.39903e-05 1.16046
1.61962e+08 0.000633603 0.1 0.414414 6.33603e-05 1.16429
1.62162e+08 0.000627372 0.1 0.414865 6.27372e-05 1.16813
1.62362e+08 0.00062121 0.1 0.415315 6.2121e-05 1.17198
1.62563e+08 0.000615116 0.1 0.415766 6.15116e-05 1.17584
1.62763e+08 0.000609089 0.1 0.416216 6.09089e-05 1.1797
1.62963e+08 0.000603129 0.1 0.416667 6.03129e-05 1.18358
1.63163e+08 0.000597234 0.1 0.417117 5.97234e-05 1.18746
1.63363e+08 0.000591404 0.1 0.417568 5.91404e-05 1.19135
1.63564e+08 0.000585637 0.1 0.418018 5.85637e-05 1.19525
1.63764e+08 0.000579934 0.1 0.418468 5.79934e-05 1.19915
1.63964e+08 0.000574294 0.1 0.418919 5.74294e-05 1.20306
1.64164e+08 0.000568715 0.1 0.419369 5.68715e-05 1.20699
1.64364e+08 0.000563196 0.1 0.41982 5.63196e-05 1.21091
1.64565e+08 0.000557739 0.1 0.42027 5.57739e-05 1.21485
1.64765e+08 0.00055234 0.1 0.420721 5.5234e-05 1.2188
1.64965e+08 0.000547 0.1 0.421171 5.47e-05 1.22275
1.65165e+08 0.000541718 0.1 0.421622 5.41718e-05 1.22671
1.65365e+08 0.000536494 0.1 0.422072 5.36494e-05 1.23068
1.65566e+08 0.000531326 0.1 0.422523 5.31326e-05 1.23466
1.65766e+08 0.000526214 0.1 0.422973 5.26214e-05 1.23864
1.65966e+08 0.000521157 0.1 0.423423 5.21157e-05 1.24264
1.66166e+08 0.000516155 0.1 0.423874 5.16155e-05 1.24664
1.66366e+08 0.000511207 0.1 0.424324 5.11207e-05 1.25065
1.66567e+08 0.000506312 0.1 0.424775 5.06312e-05 1.25466
1.66767e+08 0.00050147 0.1 0.425225 5.0147e-05 1.25869
1.66967e+08 0.00049668 0.1 0.425676 4.9668e-05 1.26272
1.67167e+08 0.000491941 0.1 0.426126 4.91941e-05 1.26676
1.67367e+08 0.000487254 0.1 0.426577 4.87254e-05 1.27081
1.67568e+08 0.000482616 0.1 0.427027 4.82616e-05 1.27487
1.67768e+08 0.000478028 0.1 0.427477 4.78028e-05 1.27894
1.67968e+08 0.000473489 0.1 0.427928 4.73489e-05 1.28301
1.68168e+08 0.000468998 0.1 0.428378 4.68998e-05 1.28709
1.68368e+08 0.000464555 0.1 0.428829 4.64555e-05 1.29118
1.68569e+08 0.00046016 0.1 0.429279 4.6016e-05 1.29528
1.68769e+08 0.000455811 0.1 0.42973 4.55811e-05 1.29939
1.68969e+08 0.000451508 0.1 0.43018 4.51508e-05 1.3035
1.69169e+08 0.000447251 0.1 0.430631 4.47251e-05 1.30762
1.69369e+08 0.000443039 0.1 0.431081 4.43039e-05 1.31175
1.6957e+08 0.000438872 0.1 0.431532 4.38872e-05 1.31589
1.6977e+08 0.000434749 0.1 0.431982 4.34749e-05 1.32004
1.6997e+08 0.000430669 0.1 0.432432 4.30669e-05 1.3242
1.7017e+08 0.000426632 0.1 0.432883 4.26632e-05 1.32836
1.7037e+08 0.000422638 0.1 0.433333 4.22638e-05 1.33253
1.70571e+08 0.000418686 0.1 0.433784 4.18686e-05 1.33671
1.70771e+08 0.000414775 0.1 0.434234 4.14775e-05 1.3409
1.70971e+08 0.000410906 0.1 0.434685 4.10906e-05 1.34509
1.71171e+08 0.000407077 0.1 0.435135 4.07077e-05 1.3493
1.71371e+08 0.000403288 0.1 0.435586 4.03288e-05 1.35351
1.71572e+08 0.000399538 0.1 0.436036 3.99538e-05 1.35773
1.71772e+08 0.000395828 0.1 0.436486 3.95828e-05 1.36196
1.71972e+08 0.000392157 0.1 0.436937 3.92157e-05 1.3662
1.72172e+08 0.000388524 0.1 0.437387 3.88524e-05 1.37044
1.72372e+08 0.000384928 0.1 0.437838 3.84928e-05 1.3747
1.72573e+08 0.00038137 0.1 0.438288 3.8137e-05 1.37896
1.72773e+08 0.000377849 0.1 0.438739 3.77849e-05 1.38323
1.72973e+08 0.000374365 0.1 0.439189 3.74365e-05 1.38751
1.73173e+08 0.000370917 0.1 0.43964 3.70917e-05 1.39179
1.73373e+08 0.000367504 0.1 0.44009 3.67504e-05 1.39609
1.73574e+08 0.000364127 0.1 0.440541 3.64127e-05 1.40039
1.73774e+08 0.000360784 0.1 0.440991 3.60784e-05 1.4047
1.73974e+08 0.000357476 0.1 0.441441 3.57476e-05 1.40902
1.74174e+08 0.000354202 0.1 0.441892 3.54202e-05 1.41335
1.74374e+08 0.000350962 0.1 0.442342 3.50962e-05 1.41769
1.74575e+08 0.000347755 0.1 0.442793 3.47755e-05 1.42203
1.74775e+08 0.000344581 0.1 0.443243 3.44581e-05 1.42638
1.74975e+08 0.000341439 0.1 0.443694 3.41439e-05 1.43074
1.75175e+08 0.00033833 0.1 0.444144 3.3833e-05 1.43511
1.75375e+08 0.000335253 0.1 0.444595 3.35253e-05 1.43949
1.75576e+08 0.000332207 0.1 0.445045 3.32207e-05 1.44388
1.75776e+08 0.000329192 0.1 0.445495 3.29192e-05 1.44827
1.75976e+08 0.000326208 0.1 0.445946 3.26208e-05 1.45268
1.76176e+08 0.000323254 0.1 0.446396 3.23254e-05 1.45709
1.76376e+08 0.00032033 0.1 0.446847 3.2033e-05 1.46151
1.76577e+08 0.000317436 0.1 0.447297 3.17436e-05 1.46593
1.76777e+08 0.000314572 0.1 0.447748 3.14572e-05 1.47037
1.76977e+08 0.000311736 0.1 0.448198 3.11736e-05 1.47482
1.77177e+08 0.000308929 0.1 0.448649 3.08929e-05 1.47927
1.77377e+08 0.000306151 0.1 0.449099 3.06151e-05 1.48373
1.77578e+08 0.0003034 0.1 0.44955 3.034e-05 1.4882
1.77778e+08 0.000300678 0.1 0.45 3.00678e-05 1.49268
1.77978e+08 0.000297983 0.1 0.45045 2.97983e-05 1.49716
1.78178e+08 0.000295315 0.1 0.450901 2.95315e-05 1.50166
1.78378e+08 0.000292674 0.1 0.451351 2.92674e-05 1.50616
1.78579e+08 0.000290059 0.1 0.451802 2.90059e-05 1.51068
1.78779e+08 0.000287471 0.1 0.452252 2.87471e-05 1.5152
1.78979e+08 0.000284908 0.1 0.452703 2.84908e-05 1.51972
1.79179e+08 0.000282372 0.1 0.453153 2.82372e-05 1.52426
1.79379e+08 0.00027986 0.1 0.453604 2.7986e-05 1.52881
1.7958e+08 0.000277374 0.1 0.454054 2.77374e-05 1.53336
1.7978e+08 0.000274913 0.1 0.454505 2.74913e-05 1.53793
1.7998e+08 0.000272476 0.1 0.454955 2.72476e-05 1.5425
1.8018e+08 0.000270063 0.1 0.455405 2.70063e-05 1.54708
1.8038e+08 0.000267674 0.1 0.455856 2.67674e-05 1.55166
1.80581e+08 0.00026531 0.1 0.456306 2.6531e-05 1.55626
1.80781e+08 0.000262968 0.1 0.456757 2.62968e-05 1.56087
1.80981e+08 0.00026065 0.1 0.457207 2.6065e-05 1.56548
1.81181e+08 0.000258355 0.1 0.457658 2.58355e-05 1.5701
1.81381e+08 0.000256082 0.1 0.458108 2.56082e-05 1.57473
1.81582e+08 0.000253832 0.1 0.458559 2.53832e-05 1.57937
1.81782e+08 0.000251605 0.1 0.459009 2.51605e-05 1.58402
1.81982e+08 0.000249399 0.1 0.459459 2.49399e-05 1.58868
1.82182e+08 0.000247215 0.1 0.45991 2.47215e-05 1.59334
1.82382e+08 0.000245052 0.1 0.46036 2.45052e-05 1.59801
1.82583e+08 0.000242911 0.1 0.460811 2.42911e-05 1.6027
1.82783e+08 0.00024079 0.1 0.461261 2.4079e-05 1.60739
1.82983e+08 0.000238691 0.1 0.461712 2.38691e-05 1.61209
1.83183e+08 0.000236612 0.1 0.462162 2.36612e-05 1.61679
1.83383e+08 0.000234553 0.1 0.462613 2.34553e-05 1.62151
1.83584e+08 0.000232515 0.1 0.463063 2.32515e-05 1.62623
1.83784e+08 0.000230496 0.1 0.463514 2.30496e-05 1.63097
1.83984e+08 0.000228497 0.1 0.463964 2.28497e-05 1.63571
1.84184e+08 0.000226518 0.1 0.464414 2.26518e-05 1.64046
1.84384e+08 0.000224558 0.1 0.464865 2.24558e-05 1.64522
1.84585e+08 0.000222617 0.1 0.465315 2.22617e-05 1.64999
1.84785e+08 0.000220695 0.1 0.465766 2.20695e-05 1.65476
1.84985e+08 0.000218791 0.1 0.466216 2.18791e-05 1.65955
1.85185e+08 0.000216906 0.1 0.466667 2.16906e-05 1.66434
1.85385e+08 0.000215039 0.1 0.467117 2.15039e-05 1.66915
1.85586e+08 0.00021319 0.1 0.467568 2.1319e-05 1.67396
1.85786e+08 0.000211359 0.1 0.468018 2.11359e-05 1.67878
1.85986e+08 0.000209546 0.1 0.468468 2.09546e-05 1.6836
1.86186e+08 0.00020775 0.1 0.468919 2.0775e-05 1.68844
1.86386e+08 0.000205972 0.1 0.469369 2.05972e-05 1.69329
1.86587e+08 0.00020421 0.1 0.46982 2.0421e-05 1.69814
1.86787e+08 0.000202466 0.1 0.47027 2.02466e-05 1.70301
1.86987e+08 0.000200738 0.1 0.470721 2.00738e-05 1.70788
1.87187e+08 0.000199027 0.1 0.471171 1.99027e-05 1.71276
1.87387e+08 0.000197332 0.1 0.471622 1.97332e-05 1.71765
1.87588e+08 0.000195654 0.1 0.472072 1.95654e-05 1.72254
1.87788e+08 0.000193991 0.1 0.472523 1.93991e-05 1.72745
1.87988e+08 0.000192345 0.1 0.472973 1.92345e-05 1.73237
1.88188e+08 0.000190714 0.1 0.473423 1.90714e-05 1.73729
1.88388e+08 0.000189099 0.1 0.473874 1.89099e-05 1.74222
1.88589e+08 0.000187499 0.1 0.474324 1.87499e-05 1.74717
1.88789e+08 0.000185914 0.1 0.474775 1.85914e-05 1.75212
1.88989e+08 0.000184344 0.1 0.475225 1.84344e-05 1.75707
1.89189e+08 0.000182789 0.1 0.475676 1.82789e-05 1.76204
1.89389e+08 0.000181249 0.1 0.476126 1.81249e-05 1.76702
1.8959e+08 0.000179724 0.1 0.476577 1.79724e-05 1.772
1.8979e+08 0.000178213 0.1 0.477027 1.78213e-05 1.777
1.8999e+08 0.000176716 0.1 0.477477 1.76716e-05 1.782
1.9019e+08 0.000175233 0.1 0.477928 1.75233e-05 1.78701
1.9039e+08 0.000173765 0.1 0.478378 1.73765e-05 1.79203
1.90591e+08 0.00017231 0.1 0.478829 1.7231e-05 1.79706
1.90791e+08 0.000170868 0.1 0.479279 1.70868e-05 1.8021
1.90991e+08 0.000169441 0.1 0.47973 1.69441e-05 1.80715
1.91191e+08 0.000168027 0.1 0.48018 1.68027e-05 1.8122
1.91391e+08 0.000166626 0.1 0.480631 1.66626e-05 1.81727
1.91592e+08 0.000165238 0.1 0.481081 1.65238e-05 1.82234
1.91792e+08 0.000163863 0.1 0.481532 1.63863e-05 1.82743
1.91992e+08 0.000162501 0.1 0.481982 1.62501e-05 1.83252
1.92192e+08 0.000161152 0.1 0.482432 1.61152e-05 1.83762
1.92392e+08 0.000159815 0.1 0.482883 1.59815e-05 1.84273
1.92593e+08 0.000158491 0.1 0.483333 1.58491e-05 1.84784
1.92793e+08 0.000157179 0.1 0.483784 1.57179e-05 1.85297
1.92993e+08 0.000155879 0.1 0.484234 1.55879e-05 1.85811
1.93193e+08 0.000154592 0.1 0.484685 1.54592e-05 1.86325
1.93393e+08 0.000153316 0.1 0.485135 1.53316e-05 1.8684
1.93594e+08 0.000152052 0.1 0.485586 1.52052e-05 1.87357
1.93794e+08 0.0001508 0.1 0.486036 1.508e-05 1.87874
1.93994e+08 0.00014956 0.1 0.486486 1.4956e-05 1.88392
1.94194e+08 0.000148331 0.1 0.486937 1.48331e-05 1.88911
1.94394e+08 0.000147113 0.1 0.487387 1.47113e-05 1.8943
1.94595e+08 0.000145907 0.1 0.487838 1.45907e-05 1.89951
1.94795e+08 0.000144711 0.1 0.488288 1.44711e-05 1.90473
1.94995e+08 0.000143527 0.1 0.488739 1.43527e-05 1.90995
1.95195e+08 0.000142354 0.1 0.489189 1.42354e-05 1.91518
1.95395e+08 0.000141191 0.1 0.48964 1.41191e-05 1.92043
1.95596e+08 0.000140039 0.1 0.49009 1.40039e-05 1.92568
1.95796e+08 0.000138897 0.1 0.490541 1.38897e-05 1.93094
1.95996e+08 0.000137767 0.1 0.490991 1.37767e-05 1.93621
1.96196e+08 0.000136646 0.1 0.491441 1.36646e-05 1.94149
1.96396e+08 0.000135536 0.1 0.491892 1.35536e-05 1.94677
1.96597e+08 0.000134435 0.1 0.492342 1.34435e-05 1.95207
1.96797e+08 0.000133345 0.1 0.492793 1.33345e-05 1.95738
1.96997e+08 0.000132265 0.1 0.493243 1.32265e-05 1.96269
1.97197e+08 0.000131194 0.1 0.493694 1.31194e-05 1.96801
1.97397e+08 0.000130134 0.1 0.494144 1.30134e-05 1.97335
1.97598e+08 0.000129083 0.1 0.494595 1.29083e-05 1.97869
1.97798e+08 0.000128041 0.1 0.495045 1.28041e-05 1.98404
1.97998e+08 0.000127009 0.1 0.495495 1.27009e-05 1.9894
1.98198e+08 0.000125986 0.1 0.495946 1.25986e-05 1.99477
1.98398e+08 0.000124973 0.1 0.496396 1.24973e-05 2.00014
1.98599e+08 0.000123969 0.1 0.496847 1.23969e-05 2.00553
1.98799e+08 0.000122973 0.1 0.497297 1.22973e-05 2.01093
1.98999e+08 0.000121987 0.1 0.497748 1.21987e-05 2.01633
1.99199e+08 0.00012101 0.1 0.498198 1.2101e-05 2.02175
1.99399e+08 0.000120041 0.1 0.498649 1.20041e-05 2.02717
1.996e+08 0.000119081 0.1 0.499099 1.19081e-05 2.0326
1.998e+08 0.00011813 0.1 0.49955 1.1813e-05 2.03804
2e+08 0.000117187 0.1 0.5 1.17188e-05 2.04349
