# convention_y = (E_in - E_out)/E_in
# target       = isoscalar_nucleon
# projectile   = nu
# current      = NC
# units_sigma  = cm^2
# units_E      = GeV
# M_Z_GeV      = 91.1876
# dipole_model = IIM
# generated_by = sigma_nuN (PHASIS/dipole) commit 1474a9b-sujo
# M_W_GeV      = 80.379
# xF3_from     = NNPDF31_nlo_as_0118
# model IIM
# gerado_por sigma_nuN (PHASIS/dipole)
# formalismo Kutak-Kwiecinski EPJ C29 (2003) 521, eqs (2),(8),(9),(12),(13)
# beam nu
# use_F3 1  pdf_set NNPDF31_nlo_as_0118
# Q2min_GeV2 1
# largeXFactor (1-x)^7   [regra de contagem de constituintes, n_s=4]
# bCGC [Rezaeian & Schmidt, PRD 88 (2013) 074016, Tabela II, m_c=1.4]
# bCGC B_CGC 5.5  gamma_s 0.6492  N0 0.3658  x0 0.00069  lambda 0.2023  bMax 20  Nb 80
# massas_GeV  u 0.01  d 0.01  s 0.01  c 1.4
# canais uu, dd, ss, cc
# quadratura_rz  Nr 120  Nz 120  rMin 1e-08  rMax 1000  zMin 1e-11   [ln r; z log nas duas pontas]
# tabela_F  Nx 121  NQ 121  xMin 2.664472562e-15  xMax 1  Q2Min 1  Q2Max 1.968400829e+14
# integracao_sigma  nos_por_decada_Q 16  nos_por_decada_x 16
# Enu_GeV sigma_GeV_minus2 sigma_cm2
1000 2.391566824e-09 9.312258985e-37
1088.401916 2.605041935e-09 1.014348624e-36
1184.618731 2.836652812e-09 1.104533035e-36
1289.341297 3.08790657e-09 1.202365972e-36
1403.321538 3.3603049e-09 1.308432162e-36
1527.37785 3.655487211e-09 1.423369955e-36
1662.400979 3.975183876e-09 1.547853122e-36
1809.360411 4.321237752e-09 1.682599235e-36
1969.311338 4.695734938e-09 1.828420574e-36
2143.402234 5.100648998e-09 1.986085606e-36
2332.883098 5.53826684e-09 2.156484804e-36
2539.114434 6.010967035e-09 2.340544333e-36
2763.577015 6.521127479e-09 2.539190097e-36
3007.882518 7.071518309e-09 2.753500728e-36
3273.785096 7.664832552e-09 2.984524834e-36
3563.193971 8.303987082e-09 3.233398186e-36
3878.187146 8.99204519e-09 3.501313564e-36
4221.02632 9.732123065e-09 3.789484347e-36
4594.173135 1.052782581e-08 4.099314287e-36
5000.306842 1.13825008e-08 4.432106779e-36
5442.343548 1.229981356e-08 4.789289105e-36
5923.457146 1.328355685e-08 5.172338082e-36
6447.102107 1.433795553e-08 5.582898786e-36
7017.038287 1.546687953e-08 6.022478084e-36
7637.357916 1.667493813e-08 6.492870733e-36
8312.51499 1.796648139e-08 6.995770558e-36
9047.357242 1.934613507e-08 7.532978726e-36
9847.160958 2.081885211e-08 8.106423818e-36
10717.66885 2.238953569e-08 8.718015019e-36
11665.13132 2.406366448e-08 9.369885612e-36
12696.35128 2.584643695e-08 1.006405977e-35
13818.73306 2.774355902e-08 1.080275927e-35
15040.33554 2.976076775e-08 1.158821798e-35
16369.93002 3.190394991e-08 1.242272811e-35
17817.0632 3.417976726e-08 1.33088836e-35
19392.12572 3.659411186e-08 1.424897868e-35
21106.42679 3.915395833e-08 1.524572914e-35
22972.27536 4.186634132e-08 1.630187412e-35
25003.06852 4.473814642e-08 1.742009471e-35
27213.38768 4.777718582e-08 1.860343284e-35
29619.1033 5.099074896e-08 1.985472684e-35
32237.48878 5.43866827e-08 2.117703212e-35
35087.34456 5.79734633e-08 2.257364917e-35
38189.13305 6.175950381e-08 2.404785383e-35
41565.12558 6.575368656e-08 2.560310472e-35
45239.56233 6.996467587e-08 2.724277552e-35
49238.82632 7.440235061e-08 2.897071288e-35
53591.63291 7.907572973e-08 3.079042857e-35
58329.23594 8.399540438e-08 3.270604656e-35
63485.65216 8.917150971e-08 3.472151328e-35
69097.90546 9.461410515e-08 3.684074565e-35
75206.2927 1.003344818e-07 3.906814021e-35
81854.67307 1.063435229e-07 4.140793461e-35
89090.78301 1.12653153e-07 4.386477207e-35
96966.57893 1.192749047e-07 4.644314311e-35
105538.6103 1.262208805e-07 4.914776025e-35
114868.4257 1.335032389e-07 5.198335766e-35
125023.0146 1.41135016e-07 5.49550114e-35
136075.2886 1.491291976e-07 5.806777782e-35
148104.6049 1.574986357e-07 6.132666125e-35
161197.3357 1.662574377e-07 6.473715483e-35
175447.4891 1.754195037e-07 6.830467094e-35
190957.3833 1.849983824e-07 7.203448515e-35
207838.3819 1.950090347e-07 7.593242292e-35
226211.693 2.054663158e-07 8.000426859e-35
246209.2401 2.163850187e-07 8.425578219e-35
267974.6087 2.277801587e-07 8.869281042e-35
291664.0776 2.396678442e-07 9.33216255e-35
317447.7409 2.520637748e-07 9.814834056e-35
345510.7295 2.649837579e-07 1.031791107e-34
376054.54 2.784445264e-07 1.084204512e-34
409298.4818 2.92462671e-07 1.138788224e-34
445481.2519 3.070552964e-07 1.195608842e-34
484862.6481 3.222393947e-07 1.254732533e-34
527725.4352 3.38032682e-07 1.316228277e-34
574377.3749 3.544529988e-07 1.380165542e-34
625153.4354 3.71518197e-07 1.44661384e-34
680418.1969 3.89246639e-07 1.51564467e-34
740568.4692 4.07657591e-07 1.587333051e-34
806036.1409 4.26768995e-07 1.661748845e-34
877291.2802 4.466008285e-07 1.73896984e-34
954845.5103 4.671729957e-07 1.819073539e-34
1039255.683 4.885043476e-07 1.902133344e-34
1131127.877 5.106155408e-07 1.988229687e-34
1231121.748 5.335271717e-07 2.077442766e-34
1339955.27 5.572602825e-07 2.169854515e-34
1458409.883 5.818354609e-07 2.265545099e-34
1587336.111 6.072748263e-07 2.364600646e-34
1727659.665 6.336002363e-07 2.467106264e-34
1880388.089 6.608329947e-07 2.573144906e-34
2046617.999 6.889962513e-07 2.682806713e-34
2227542.952 7.181132157e-07 2.796182058e-34
2424462.017 7.482071023e-07 2.913361333e-34
2638789.105 7.793009841e-07 3.034434379e-34
2872063.118 8.114195679e-07 3.159497399e-34
3125959 8.445873997e-07 3.288645971e-34
3402299.766 8.788288155e-07 3.421974853e-34
3703069.584 9.141692657e-07 3.559583145e-34
4030428.031 9.506351353e-07 3.701573584e-34
4386725.591 9.882517472e-07 3.848044771e-34
4774520.539 1.027045846e-06 3.999100845e-34
5196597.302 1.067044616e-06 4.154847654e-34
5655986.461 1.108276055e-06 4.315394221e-34
6155986.501 1.150766942e-06 4.480844811e-34
6700187.504 1.194546363e-06 4.651312681e-34
7292496.917 1.239643952e-06 4.826913226e-34
7937167.617 1.286087541e-06 5.007754806e-34
8638828.443 1.333907922e-06 5.193957326e-34
9402517.43 1.383135502e-06 5.385639187e-34
10233717.99 1.433801103e-06 5.582920395e-34
11138398.26 1.485935578e-06 5.785921096e-34
12123054.01 1.539571561e-06 5.994768349e-34
13194755.22 1.594741545e-06 6.209588682e-34
14361196.86 1.651477577e-06 6.430506876e-34
15630754.18 1.709814036e-06 6.657656796e-34
17012542.8 1.769785236e-06 6.891172055e-34
18516484.18 1.831424543e-06 7.131182572e-34
20153376.86 1.894767931e-06 7.377828423e-34
21934973.99 1.959851871e-06 7.631251616e-34
23874067.72 2.026711894e-06 7.891590504e-34
25984581.05 2.095384824e-06 8.158988472e-34
28281667.8 2.165908651e-06 8.433593446e-34
30781821.43 2.238321947e-06 8.715555612e-34
33502993.42 2.312662258e-06 9.005021172e-34
36464722.23 2.388969646e-06 9.302146119e-34
39688273.55 2.467284675e-06 9.607088396e-34
43196792.97 2.547647134e-06 9.920002935e-34
47015472.24 2.630098227e-06 1.024105018e-33
51171730.07 2.714680723e-06 1.057039665e-33
55695409.06 2.801437004e-06 1.090820739e-33
60618989.93 2.890409614e-06 1.125464805e-33
65977824.8 2.981643029e-06 1.160989181e-33
71810390.93 3.075182264e-06 1.197411395e-33
78158567.08 3.171071225e-06 1.234748542e-33
85067934.16 3.269357161e-06 1.273019022e-33
92588102.54 3.370086601e-06 1.312240951e-33
100773068.2 3.47330648e-06 1.352432604e-33
109681600.5 3.579064958e-06 1.393612734e-33
119377664.2 3.687411216e-06 1.435800492e-33
129930878.4 3.798394792e-06 1.479015166e-33
141417017 3.912065021e-06 1.523275966e-33
153918552.3 4.028474343e-06 1.568603311e-33
167525247.2 4.14767407e-06 1.615017182e-33
182334800.1 4.269715832e-06 1.662537681e-33
198453545.8 4.394654052e-06 1.711186e-33
215997219.5 4.522543217e-06 1.760983355e-33
235091787.5 4.653436901e-06 1.811950607e-33
255874352 4.787391233e-06 1.864109611e-33
278494135 4.9244634e-06 1.917482634e-33
303113550.2 5.064710516e-06 1.972091916e-33
329909368.8 5.208189641e-06 2.027959674e-33
359073989.1 5.35496103e-06 2.085109371e-33
390816817.8 5.505084764e-06 2.1435644e-33
425365773.3 5.658619766e-06 2.203347706e-33
462968922.7 5.81562887e-06 2.264483754e-33
503896262.5 5.97617472e-06 2.326996936e-33
548441657.6 6.140319735e-06 2.390911558e-33
596924951 6.308128258e-06 2.456252673e-33
649694260.4 6.4796662e-06 2.523045945e-33
707128477.9 6.654999213e-06 2.591316939e-33
769639990.2 6.83419282e-06 2.661091166e-33
837677640.1 7.017316486e-06 2.732395676e-33
911729948.5 7.204438951e-06 2.805257234e-33
992328622.9 7.39562849e-06 2.879702426e-33
1080052375 7.590957213e-06 2.955759329e-33
1175531074 7.790496763e-06 3.033455839e-33
1279450273 7.994318843e-06 3.112819877e-33
1392556129 8.202497166e-06 3.193880144e-33
1515660759 8.415107914e-06 3.276666304e-33
1649648074 8.632225596e-06 3.36120737e-33
1795480125 8.85392539e-06 3.447532614e-33
1954204008 9.080287436e-06 3.535673242e-33
2126959387 9.311390398e-06 3.625659882e-33
2314986672 9.547311937e-06 3.717522775e-33
2519635929 9.788134806e-06 3.811294143e-33
2742376573 1.003394136e-05 3.907006053e-33
2984807917 1.028481394e-05 4.004690567e-33
3248670656 1.054083474e-05 4.104379692e-33
3535859367 1.080209269e-05 4.20610805e-33
3848436109 1.106867306e-05 4.309908846e-33
4188645235 1.134066127e-05 4.415815345e-33
4558929500 1.161814875e-05 4.523863143e-33
4961947603 1.190122536e-05 4.634087228e-33
5400593279 1.218998009e-05 4.746522258e-33
5878016072 1.248450735e-05 4.861204989e-33
6397643956 1.278490038e-05 4.978171726e-33
6963207940 1.309125405e-05 5.097459409e-33
7578768864 1.340366186e-05 5.21910445e-33
8248746553 1.372222491e-05 5.343146212e-33
8977951553 1.404704045e-05 5.469622565e-33
9771619673 1.437820624e-05 5.598571567e-33
1.063544957e+10 1.471582628e-05 5.730033722e-33
1.15756437e+10 1.506000264e-05 5.864048769e-33
1.259895278e+10 1.541083857e-05 6.000656913e-33
1.371272434e+10 1.576843655e-05 6.139898055e-33
1.492495545e+10 1.61329079e-05 6.281815545e-33
1.624435011e+10 1.650435894e-05 6.42645078e-33
1.768038178e+10 1.688289556e-05 6.57384499e-33
1.924336141e+10 1.726863354e-05 6.724043259e-33
2.094451143e+10 1.766168294e-05 6.877088443e-33
2.279604637e+10 1.806215535e-05 7.033023987e-33
2.481126055e+10 1.847016851e-05 7.191895746e-33
2.700462352e+10 1.888583903e-05 7.353749114e-33
2.939188399e+10 1.930928407e-05 7.51862972e-33
3.199018285e+10 1.974062016e-05 7.686582938e-33
3.481817631e+10 2.017997351e-05 7.857657905e-33
3.789616981e+10 2.062746531e-05 8.031901814e-33
4.124626383e+10 2.108321579e-05 8.209361482e-33
4.489251258e+10 2.154735591e-05 8.390087896e-33
4.886109671e+10 2.202001125e-05 8.574129959e-33
5.318051128e+10 2.250131073e-05 8.76153787e-33
5.788177038e+10 2.299138111e-05 8.952360983e-33
6.299862978e+10 2.349036125e-05 9.146653372e-33
6.856782937e+10 2.399838234e-05 9.344466118e-33
7.462935686e+10 2.451557641e-05 9.545850628e-33
8.1226735e+10 2.50420864e-05 9.750862561e-33
8.840733402e+10 2.557804987e-05 9.959555479e-33
9.622271174e+10 2.612360366e-05 1.017198267e-32
1.047289838e+11 2.667889563e-05 1.03882017e-32
1.139872267e+11 2.724406846e-05 1.060826813e-32
1.240639159e+11 2.781926836e-05 1.083223889e-32
1.350314038e+11 2.840463901e-05 1.106016993e-32
1.469684386e+11 2.900033765e-05 1.129212247e-32
1.599607302e+11 2.960651281e-05 1.152815435e-32
1.741015652e+11 3.022331474e-05 1.176832407e-32
1.894924772e+11 3.08509046e-05 1.201269438e-32
2.062439753e+11 3.148943853e-05 1.226132608e-32
2.244763378e+11 3.213907494e-05 1.251428086e-32
2.443204762e+11 3.279997133e-05 1.277162004e-32
2.659188745e+11 3.347229904e-05 1.303341033e-32
2.894266125e+11 3.415622028e-05 1.329971489e-32
3.150124796e+11 3.485189803e-05 1.35705972e-32
3.428601864e+11 3.555950956e-05 1.384612627e-32
3.731696838e+11 3.627922362e-05 1.412636781e-32
4.061585988e+11 3.70112103e-05 1.441138805e-32
4.420637972e+11 3.775565128e-05 1.470125774e-32
4.811430839e+11 3.851272373e-05 1.499604585e-32
5.236770544e+11 3.928260666e-05 1.52958221e-32
5.699711094e+11 4.006547859e-05 1.560065599e-32
6.203576476e+11 4.086153248e-05 1.591062266e-32
6.751984523e+11 4.167095243e-05 1.622579379e-32
7.348872892e+11 4.249392284e-05 1.654624118e-32
7.998527337e+11 4.33306434e-05 1.687204259e-32
8.705612479e+11 4.418130538e-05 1.720327251e-32
9.475205303e+11 4.5046105e-05 1.754000732e-32
1.031283161e+12 4.592523552e-05 1.788232228e-32
1.122450568e+12 4.681890888e-05 1.823029992e-32
1.221677349e+12 4.772732374e-05 1.858401759e-32
1.329675967e+12 4.865068185e-05 1.894355385e-32
1.447221871e+12 4.958920066e-05 1.930899336e-32
1.575159057e+12 5.054308845e-05 1.968041724e-32
1.714406136e+12 5.151255376e-05 2.005790667e-32
1.865962923e+12 5.249782139e-05 2.044154919e-32
2.030917621e+12 5.349910768e-05 2.083142905e-32
2.21045463e+12 5.451663428e-05 2.122763254e-32
2.405863055e+12 5.555061967e-05 2.163024473e-32
2.618545958e+12 5.660130207e-05 2.20393584e-32
2.850030439e+12 5.766890668e-05 2.245506121e-32
3.10197859e+12 5.87536609e-05 2.287744173e-32
3.376199441e+12 5.985580973e-05 2.330659534e-32
3.674661941e+12 6.097558861e-05 2.374261372e-32
3.999509097e+12 6.211323703e-05 2.418559012e-32
4.353073365e+12 6.326899584e-05 2.463561833e-32
4.737893391e+12 6.444312142e-05 2.509279818e-32
5.156732245e+12 6.563586e-05 2.555722553e-32
5.612597256e+12 6.684745803e-05 2.602899636e-32
6.108761608e+12 6.807818343e-05 2.650821499e-32
6.648787838e+12 6.932829074e-05 2.699498052e-32
7.236553423e+12 7.059803672e-05 2.748939294e-32
7.876278611e+12 7.188769656e-05 2.79915594e-32
8.572556732e+12 7.319753593e-05 2.850158334e-32
9.330387173e+12 7.452782622e-05 2.901957045e-32
1.015521128e+13 7.587883603e-05 2.954562529e-32
1.105295141e+13 7.725085641e-05 3.007986122e-32
1.203005349e+13 7.864416444e-05 3.06223861e-32
1.309353327e+13 8.005903796e-05 3.117330814e-32
1.42510267e+13 8.14957781e-05 3.173274458e-32
1.551084477e+13 8.29546719e-05 3.230080719e-32
1.688203317e+13 8.443600919e-05 3.287760882e-32
1.837443725e+13 8.594009892e-05 3.346326978e-32
1.999877271e+13 8.746724071e-05 3.405790672e-32
2.176670253e+13 8.901774029e-05 3.46616387e-32
2.369092074e+13 9.059190049e-05 3.527458362e-32
2.578524353e+13 9.219004809e-05 3.589686873e-32
2.806470846e+13 9.381249524e-05 3.652861558e-32
3.054568247e+13 9.545955581e-05 3.716994638e-32
3.324597932e+13 9.713156689e-05 3.782099238e-32
3.61849876e+13 9.88288528e-05 3.848187987e-32
3.938380983e+13 0.000100551746 3.915273832e-32
4.286541408e+13 0.0001023005749 3.983369555e-32
4.665479882e+13 0.0001040756954 4.05248902e-32
5.077917243e+13 0.0001058774453 4.122645378e-32
5.526814857e+13 0.0001077061658 4.193851913e-32
6.01539588e+13 0.0001095622235 4.266122903e-32
6.547168402e+13 0.0001114459701 4.339472039e-32
7.125950634e+13 0.0001133577593 4.413913097e-32
7.755898323e+13 0.0001152979683 4.489460761e-32
8.441534596e+13 0.0001172669633 4.56612929e-32
9.187782429e+13 0.0001192651176 4.643933223e-32
1e+14 0.0001212928011 4.72288696e-32
